single10_20150906_BGPM_target16 BGPM 16 13 11 15 10 5 7 3 2 14 9 11 10 12 2 5 4 15 6 3 14 15 9 12 14 16 2 15 5 6 16 5
single10_20150906_BOPM_target2 BOPM 2 3 7 5 12 9 14 16 13 2 3 10 11 5 8 2 4 15 13 2 9
single10_20150906_BRPM_target4 BRPM 4 5 11 1 3 15 13 3 6 7 2 11 15 4 13 13 1
single10_20150906_GBPM_target16 GBPM 16 2 3 12 9 4 14 16 10 9 13 6 7 5 11 16 9 12 2 7 3 1 4 16 11 7 5 4 5 8 1 4 1 14 10 11 15 4 13 16 14 5
single10_20150906_GOBM_target7 GOBM 7 4 11 10 15 13 16 3 12 10 6 1 4 7 11 9 14 7 5 2 4 16 10 12 7 13 3 11 6 7 4 2 14 15 13 4 10 12 15 10 1 3 7 5 8 11 14
single10_20150906_GOPM_target7 GOPM 7 5 8 3 11 14 15 7 5 2 9 14 7 8 5 10 12 15 12 4 1 7 6 6 14 7 10
single10_20150906_GPBM_target16 GPBM 16 3 15 13 9 12 5 7 2 3 13 15 13 11 6 8 3 2 16 6 3 14 16 11 9 4 4
single10_20150906_GRBM_target8 GRBM 8 11 10 15 5 7 2 4 3 14 16 9 5 2 7 11 9 15 10 1 8 3 1 5 8 6
single10_20150906_GRPM_target3 GRPM 3 3 7 3 13 15 10 12 16 6 3 1 7 3 11 9 11 14 15 5 8 3 1 4 10 11 3 5 7 14 15 9 11 4 1 3 6 8 5 5
single10_20150906_OBGM_target10 OBGM 10 3 12 16 14 7 5 2 4 6 14 10 15 12 4 1 4 14 10 12 9 8
single10_20150906_OBPM_target15 OBPM 15 2 3 7 15 13 16 4 2 11 10 11 14 15 5 8 2 3 4 9 5 7 1 5 4 15 2 4 9 14 15 4
single10_20150906_OGBM_target5 OGBM 5 14 6 7 4 1 13 15 14 11 9 3 5 16 13 7 6 7 5 3 12 2
single10_20150906_OPBM_target12 OPBM 12 11 13 4 8 9 12 15 9 12 14 5 4 12 16 9 12 6 7 5 2 14 15 12 10 12 3 13 4 5
single10_20150906_OPGM_target4 OPGM 4 14 3 2 6 12 10 15 11 7 5 4 1 4 8 6 13 4 11 9 16 6 2 4 14 8 1 5 12 10 15 11 16 13 3 2 4
single10_20150906_ORBM_target15 ORBM 15 6 14 11 10 15 9 3 1 14 6 7 4 2 5 15 14 10 6 11 13 2 5 3 15 14 16 9 15 13 2 7 5 7 3 11 10 5 14 15 4 1 13
single10_20150906_ORPM_target10 ORPM 10 14 11 10 11 5 4 2 7 11 10 15 13 5 3 12 10 6 3 2 7 6 11 10 13 11 6 8 5 5 7 4
single11_20150908_BGPM_target12 BGPM 12 14 10 3 14 15 11 9 5 7 6 2 3 14 10 12 15 2 13 10 9 11 6 7 14
single11_20150908_BOPM_target15 BOPM 15 2 7 6 13 11 10 3 2 6 16 14 11 4 13 15 10 11 2 12 13
single11_20150908_BRPM_target5 BRPM 5 3 11 13 16 6 7 1 4 1 14 10 9 12 4 5 7 15 13 10 11 4 5 7
single11_20150908_GBPM_target6 GBPM 6 2 5 11 14 12 10 11 15 7 5 3 6 7 4 13 1 4 8 5 4 9 14 1 4 7 6 3 2 5 6 16 1 12 13
single11_20150908_GOBM_target10 GOBM 10 11 15 6 3 14 10 15 11 10 2 7 6 4 4 7 14 2 6 2 12 16 13 16 11 10 4 12 10 9 3 6 8 2 4 16 4 12 10 10 11
single11_20150908_GOPM_target13 GOPM 13 10 13 15 3 5 7 11 12 13 15 2 4 7 11 14 15 9 12
single11_20150908_GPBM_target4 GPBM 4 11 4 2 3 6 7 14 16 10 11 4 1 4 5 7 5 8 13 16 10 11 9 14 15
single11_20150908_GRBM_target9 GRBM 9 10 14 16 10 14 16 6 4 1 8 2 8 11 9 11 9 10 14 13 6 7 2 3 2 3 11 9
single11_20150908_GRPM_target15 GRPM 15 2 5 8 14 11 10 12 3 5 7 1 15 3 2 5 7 10 12 13 16 1 4 5 15 10 13 3 5 9 14 3 16
single11_20150908_OBGM_target2 OBGM 2 4 1 6 7 14 16 11 10 3 2 3 2 14
single11_20150908_OBPM_target11 OBPM 11 13 11 10 12 16 6 3 1 7 11 13 1 4 3 5 7 6 8 11 9 11 13
single11_20150908_OGBM_target10 OGBM 10 13 16 9 11 3 1 7 6 10 14 16 11 9 4 5 7 3 12 10
single11_20150908_OPBM_target1 OPBM 1 2 3 7 5 11 16 14 1 4 10 11 13 6 11 1 3 14 16 10 12 15
single11_20150908_OPGM_target2 OPGM 2 14 10 14 4 7 5 11 9 15 1 3 2 4 2 8 3 12 10 13 2 13 16 4 6 7 15 14 10 6 11 2 15 13 8 12 9
single11_20150908_ORBM_target2 ORBM 2 3 14 10 5 4 1 15 13 7 2 3 11 9 14 10 13 6 2 3 2 12 15 13 10 11 5 10 14 9 11 4 2 7 5 2 11 13 15 11 10 5 7 4 2 10 3 15
single11_20150908_ORPM_target12 ORPM 12 6 4 1 11 13 10 12 4 14 16 13 7 5 1 11 4 14 15 5 7 2 3 11 10 12 13 4
single1_20150817_BGPM_target11 BGPM 11 16 14 7 6 2 4 14 15 10 15 13 2 6 13 2 7 2 3 16 13 15 11 6 8 5 8 2 7 3 14 15 10 12 10 15 13 16 14 6
single1_20150817_BOPM_target10 BOPM 10 8 3 14 16 10 14 2 4 7 5 11 10 14 15 2 3 14 6 8 6 4 1 3 13 10 11 9 1 7
single1_20150817_BRPM_target1 BRPM 1 11 14 16 10 3 2 7 3 1 15 14 15 13 3 6 2 5 12 15 14
single1_20150817_GBPM_target11 GBPM 11 16 14 15 5 13 16 10 12 3 2 7 5 14 2 4 14 16 10 15 13 3 1 8 12 6 14 15 13 16 11 2 3 6
single1_20150817_GOBM_target16 GOBM 16 14 16 11 9 15 10 12 1 3 14 15 13 15 14 3 2 7 6 8 2 3 16 13 2 4 7 6 16 14 11 15 3 1 6 8 2 14 15 10 11 14 10
single1_20150817_GOPM_target13 GOPM 13 4 1 10 12 9 11 15 14 15 3 2 7 6 8 14 16 13 3 6 7 11 9 12 15 15 14 4 2 6 8 12 15 14 3 1 7 5 14
single1_20150817_GPBM_target6 GPBM 6 2 4 7 6 8 15 14 10 11 16 14 1 3 7 11 9 15 11 14 1 3 2 4 10 14 15 13 3 5 7 12 15 13
single1_20150817_GRBM_target9 GRBM 9 10 12 16 14 5 7 2 6 14 16 14
single1_20150817_GRPM_target16 GRPM 16 4 3 6 8 12 9 15 2 4 8 3 5 11 15 14 4 2 7 13 16 10 11 3 7 10 14 16 14
single1_20150817_OBGM_target6 OBGM 6 11 9 12 16 14 15 9 16 13 10 11 2 4 15 3 3 6 8 11 14 15 2 4 7 10 11 15 13
single1_20150817_OBPM_target6 OBPM 6 11 10 15 14 5 7 16 14 10 3 2 14 15 13 10 12 7 5 15 16 11 9 3 2 7 5 14 16 13 16 10 11 9 14 8 6
single1_20150817_OGBM_target13 OGBM 13 10 11 16 10 12 10 13 15 14 3 2 7 5 8 5 2 15 14 6 11 9 2 4 7 5 14 10 15 6
single1_20150817_OPBM_target1 OPBM 1 16 13 15 14 11 15 3 6 2 7 5 8 12 15 14 1 3 6 8 6 10 12 13 15 14
single1_20150817_OPGM_target4 OPGM 4 3 1 6 8 3 1 4 11 10 12 15 14 16 6 11 14 15 3 2 8 14 10 15 14 16 15 10 12 4
single1_20150817_ORBM_target12 ORBM 12 14 16 14 11 15 3 10 14 16 13 10 11 6 2 3 14 12 15 14 3 7 9 12 10 11 5 8 6
single1_20150817_ORPM_target2 ORPM 2 14 16 10 12 9 11 3 1 7 6 14 16 10 11 3 5 8 2 4 14 15 13 16 3 10 11 9 14 16 14 15 9 2 4 7
single12_20150910_BGPM_target1 BGPM 1 15 6 3 2 7 5 14 11 10 15 13 9 3 6 15 13 4 10 11 2 7 6 7 5 3 14 16 15 1 4 13
single12_20150910_BOPM_target6 BOPM 6 14 16 12 10 13 2 4 6 7 4 14 12 6 14 4 1
single12_20150910_BRPM_target7 BRPM 7 11 3 1 6 7 5 13 16 3 7 2 10 12 9 4 7 6 13 15 2
single12_20150910_GBPM_target1 GBPM 1 2 6 11 9 14 3 7 15 13 6 7 1 11 1 14 10 14 16 4 1 11 1 5 16 13 15 3 12 1 7
single12_20150910_GOBM_target7 GOBM 7 11 14 3 11 15 13 5 7 1 4 2 14 11 10 15 6 3 8 12 14 16 13 10 1 9 6
single12_20150910_GOPM_target3 GOPM 3 4 13 7 6 11 9 2 3 15 13 5 8 2 14 15 12 10 13 4 1
single12_20150910_GPBM_target12 GPBM 12 4 15 14 9 5 2 3 13 16 13 11 13 5 7 13 10 12 2 3 15 5 7 13
single12_20150910_GRBM_target8 GRBM 8 14 10 11 15 6 2 3 14 15 10 11 5 7 1 3 13 10 16 14 7 15 8 11 10 4 1 8 6
single12_20150910_GRPM_target14 GRPM 14 2 3 13 15 10 11 6 7 13 2 4 10 12 15 6 1 3 2 14 7 5 11 13 16 1 3 9 15 13 7 14 2 3 6 7 12 9 5 1 3 14
single12_20150910_OBGM_target9 OBGM 9 14 8 3 2 12 10 6 16 14 9 12 5 3 15 9 13 16
single12_20150910_OBPM_target12 OBPM 12 2 3 2 6 8 14 10 11 15 3 1 3 14 11 9 6 2 7 5 8 5 14
single12_20150910_OGBM_target2 OGBM 2 14 15 13 10 2 4 5 7 11 15 13 11 3 6 1 4 16 13 10 12 5 7 3 14 10 1 4 8
single12_20150910_OPBM_target12 OPBM 12 2 3 7 5 11 16 13 1 3 7 12 9 14 15 2 6 14 4 5 8 4 4
single12_20150910_OPGM_target1 OPGM 1 3 14 6 2 4 12 10 15 14 7 1 2 11 15 13 9 16 14 1 4 6 7 1 2 10 13 9 1 4 2 8 6 1 15
single12_20150910_ORBM_target5 ORBM 5 6 14 3 2 11 7 6 16 10 1 11 10 5 13 4 13 6 12 10 16 5 13 2 5 3 4 5 14 5 8 11 13 3 1 5 5
single12_20150910_ORPM_target15 ORPM 15 4 14 10 11 6 2 4 7 6 7 16 14 6 12 13 15 10 11 9 12
single13_20150913_BOPM_target7 BOPM 7 15 14 12 9 3 1 6 7 16 13 14 10 13 1 3 5 3 15 6 7 1 13 11
single13_20150913_BRPM_target6 BRPM 6 2 3 7 5 13 15 10 12 2 3 6 11 3 2
single13_20150913_GBPM_target1 GBPM 1 3 14 11 6 7 1 4 13 15 10 12 9 12 6 1 8 1 4 14 1 1 3 14 11 3 6 15 1 8 4 6 8 6
single13_20150913_GOBM_target14 GOBM 14 11 15 4 2 14 16 13 16 10 12 9 6 7 1 4 16 14 15 14 15 12 9 12 10 6 2 10 14 15 14 14 15 13 4 1 8 6 12 1 14 15 14 16 14 14 4 15 11
single13_20150913_GOPM_target14 GOPM 14 12 15 14 15 4 5 7 2 4 14 16 10 12 16 5 2 13 14 7 4
single13_20150913_GPBM_target3 GPBM 3 14 15 11 9 2 3 6 7 14 15 1 3 6 7 11 13 15 1 3 10 14
single13_20150913_GRBM_target11 GRBM 11 3 2 7 14 15 10 11 15 4 5 8 14 10 11 16 1 7 1 13 3 14 10 11 4 6 4 15 12 5
single13_20150913_GRPM_target8 GRPM 8 2 13 5 7 1 3 11 10 15 5 2 3 14 15 10 11 8 1 9 4 1 6 7 8 4 14 15 11 10 6 8 1
single13_20150913_OBGM_target12 OBGM 12 6 13 15 10 12 4 2 7 5 8 13 15 5 12 9 14 11 2 7 3
single13_20150913_OBPM_target3 OBPM 3 4 6 8 14 15 11 10 3 15 1 3 5 2 6 1 4 14 3 11 10 15 14
single13_20150913_OGBM_target4 OGBM 4 14 6 3 1 11 7 5 4 3 13 10 11 6 1 15 14 6 4
single13_20150913_OPBM_target9 OPBM 9 3 7 15 14 10 11 2 4 6 16 14 8 9 12 4 14 1 6 15 9 11
single13_20150913_OPGM_target2 OPGM 2 3 11 14 6 1 4 1 8 15 10 14 3 2 6 3 8 6 8 2 2 4 11 15 13 16 7 3 2 4 1
single13_20150913_ORBM_target12 ORBM 12 14 6 7 3 2 13 15 10 11 9 14 5 3 15 13 7 1 12 10 12 9 13 6 7 14 15 9 12 2 3 10 14 15 6 16 12 10 8 6 16 5
single13_20150913_ORPM_target2 ORPM 2 11 15 13 3 1 6 7 12 14 15 10 11 2 7 6 4 4 2 4 14 15 6 11
single2_20150819_BGPM_target12 BGPM 12 16 14 9 3 14 2 6 8 5 14 15 13 16 3 1 7 4 14 1 7 15 13 10 11 3 2 14 15 10 11 3 15 14 6 8 2 3 2
single2_20150819_BOPM_target4 BOPM 4 3 1 7 6 14 16 9 15 14 2 4 6 7 4 14 15 13 9 12 5 2 4 1 4 11 14 6
single2_20150819_GBPM_target5 GBPM 5 12 15 10 12 5 8 2 14 16 4 2 7 14 3 13 2 3 6 7 15 11 10 11 3 1 7 6 7 15 14 12 10 11 12 10 12
single2_20150819_GOBM_target16 GOBM 16 8 3 7 5 15 14 3 2 7 2 7 6 14 16 10 15 10 11 3 14 4 1 4 16 13 11 10 12 9 16 14 16 6 14 2 7 5 8 14 16 13 16 13 10 11 9 7 2 15 5 8 3
single2_20150819_GOPM_target2 GOPM 2 13 16 10 15 2 6 8 2 8 14 9 5 7 5 14 10 16 13 3 2 7 11 10 14 9 5 8 13 7 14 10 12 6 15 13 3
single2_20150819_GPBM_target10 GPBM 10 3 1 6 7 5 14 15 11 9 3 14 2 11 15 4 7 16 12 10 11 14 1 3 6 8 10 12 15 11 14 5
single2_20150819_GRBM_target5 GRBM 5 16 13 6 1 6 8 2 3 7 5 8 2 4 14 10 7 5 8 2 3 15 13 11 3 2 7 5
single2_20150819_GRPM_target6 GRPM 6 2 4 1 8 5 7 11 15 14 4 1 4 7 10 11 15 14 2 7 13 2 1 3 15 9 12 3 1 7 6 15
single2_20150819_OBGM_target7 OBGM 7 6 7 3 1 14 16 3 7 2 11 9 15 6 8 5 7 14 16 13 2 4 5 8 5 10 13 15 10 6 3 14
single2_20150819_OBPM_target13 OBPM 13 11 9 15 14 16 9 3 1 6 8 2 14 10 14 3 11 10 15 10 12 15 7 6 8 5 14 2 7 10 9 11 12 14
single2_20150819_OGBM_target14 OGBM 14 11 9 15 13 16 10 12 14 16 2 4 7 9 2 3 6 14 15 13 3 1 7 5 15 14 10 3 2 7 4 14
single2_20150819_OPBM_target1 OPBM 1 16 10 11 14 16 4 10 11 2 3 5 8 1 10 12 15 2 4 6 7 14 3 14 15 9 11 3 6 5 7 1 3
single2_20150819_OPGM_target16 OPGM 16 12 9 15 14 2 10 6 2 4
single2_20150819_ORBM_target3 ORBM 3 11 10 2 4 2 7 6 14 3 6 11 14 15 10 4 1 3 2 3 6 7 8 15 10 12 3 2 7 5 7 10 12 6 1 3 14 6 8 3 7 2 3 11 9
single2_20150819_ORPM_target3 ORPM 3 13 16 13 9 12 9 15 14 16 3 1 4 7 14 15 1 3 11 15 3 14 2 3 7 5 8 11 14 15 1 3 6 7 3 13 15 3 10 12 3 14 16 3
single3_20150821_BGPM_target15 BGPM 15 16 9 12 2 2 14 6 15 13 16 10 16 1 6 8 11 15 14 15 3 13 15 10 15 10 11 14 16 3 14 15 13 15 15 10 11 15 4 4
single3_20150821_BOPM_target7 BOPM 7 3 2 15 14 6 16 13 3 1 4 13 10 6 8 3 1 14 15 14 16 5 7 16 9 13 3 7 6
single3_20150821_BRPM_target14 BRPM 14 2 13 16 10 15 13 3 11 10 3 2 14 6 8 14
single3_20150821_GBPM_target16 GBPM 16 15 13 4 7 2 4 10 16 2 7 5 8 11 3 14 15 10 12 3 3 6 8 2 16 10 11 10 16 14 16 10 8 6 16 10
single3_20150821_GOBM_target8 GOBM 8 16 13 3 7 2 4 14 10 3 2 8 14 11 6 8 3 1 8 5 8 6 15 13 10 9 2 14 16 12 9 15 13 10 12 9 15 14 16 9 10 6 8 5 2 15 13 9 4 16 11 10
single3_20150821_GOPM_target9 GOPM 9 4 1 14 15 11 4 13 7 2 4 1 11 9 15 10 3 1 14 11 10 15 14 6 8 11 9 14 4 8 5 7 16 13 9 12 9
single3_20150821_GPBM_target8 GPBM 8 2 4 6 8 11 14 16 6 8 2 4 11 3 10 14 7 5 1 15 11 5 8 8 9 16
single3_20150821_GRBM_target13 GRBM 13 14 16 10 11 3 1 4 11 2 7 14 15 13 16 3 2 4 15 7 5 2 3 11 15 14 16
single3_20150821_OBGM_target8 OBGM 8 4 7 14 16 10 12 1 4 6 8 13 2 10 11 9 15 3 6 8 14 1 7 14 10 12 6 8 11
single3_20150821_OBPM_target5 OBPM 5 11 9 3 2 14 16 14 10 5 7 2 16 11 9 11 3 6 15 10 12 10 6 7 5 2 3 10 7 5 14 16 16 1 5 8 4 5 7 2 3
single3_20150821_OGBM_target15 OGBM 15 2 4 6 8 5 14 15 9 12 9 15 14 3 1 4 11 10 15 13 4 6 7 6 14 15 2 4 6 13
single3_20150821_OPBM_target11 OPBM 11 11 15 3 10 13 15 5 8 2 3 6 7 11 10 14 16 1 4 7 11 9 14 1 4 6 8 15 10 11 9 11 3 14
single3_20150821_OPGM_target14 OPGM 14 6 7 4 2 7 15 10 15 14 6 8 3 16 14 3 14 10 11 10 15 6 2 4 14 2 15 13 7 6 7 2 12 14
single3_20150821_ORBM_target10 ORBM 10 6 8 2 7 3 14 4 1 13 15 10 12 10 3 6 15 10 16 12 9 11 10 12 9 3 15 14 3 14 6 7 6 12 10 1 15 10 8 6 2 3 2 7 14 16 13 5 8 10 14 16
single3_20150821_ORPM_target7 ORPM 7 5 8 2 3 11 14 6 8 15 14 1 4 11 15 13 6 10 12 3 2 7 13 16 4 1 7 8 8 6 11 14 3 2 7 5 5 15
single4_20150824_BGPM_target13 BGPM 13 14 6 2 7 15 10 15 9 11 6 14 2 4 8 15 13 3 13 10 12 9 11 6 16 13 13 15 3 11 9 12 5 8 6 13
single4_20150824_BOPM_target9 BOPM 9 13 16 3 1 7 6 8 14 15 10 5 13 14 9 2 15 14 6 3 13 9 5 4 11 9
single4_20150824_BRPM_target15 BRPM 15 2 4 1 7 6 8 15 2 8 6 8 13 5 8 11 13 16 3 14 10 15 6 8 5 13 15
single4_20150824_GBPM_target3 GBPM 3 15 13 16 10 15 2 3 11 9 12 9 3 14 16 10 3 2 3 14 16 11 4 7 6 7 14 15 10 11 9 4 6 15 14 2 7 5 16 13 3 14 10
single4_20150824_GOBM_target13 GOBM 13 16 10 12 9 15 13 3 2 7 5 8 2 10 15 13 4 1 16 13 6 2 16 13 10 15 3 14 8 5 16 13 2 4 1 15 13 14 10 12 9 15 14 6 16 13 10 15 13 15 11 9 16 14 4 2 15 12 9 3 7 6
single4_20150824_GOPM_target6 GOPM 6 8 6 14 16 11 10 15 2 3 7 14 15 14 6 15 12 9 3 15 14 6 8 15 10 12 14 16 14 2 4 11 10 15 14 6 6 7
single4_20150824_GPBM_target14 GPBM 14 14 16 10 3 2 8 6 14 12 14 6 8 5 11 4 6 1 3 14 10 12 2
single4_20150824_GRBM_target10 GRBM 10 7 15 14 2 3 1 6 8 11 10 15 3 7 14 1 4 7 14 10 15 13 16 4 8 2 3 1 4 14 11 9 16 6 8 11 9 11 2 3
single4_20150824_GRPM_target14 GRPM 14 6 14 16 10 11 3 13 15 9 12 9 7 2 14 5 8 5 14 15 14 15 11 14 16 2 4 8 6 10 12 14 5 8 5 9 12 14 2 4 11
single4_20150824_OBGM_target6 OBGM 6 15 14 9 11 4 8 6 15 2 4 7 9 12 14 2 6 14 3 9 16 13 8 6 11 15
single4_20150824_OBPM_target2 OBPM 2 14 11 5 7 3 2 15 14 10 16 12 9 4 1 3 15 13 16 10 11 9 10 14 16 4 2 5 2
single4_20150824_OGBM_target11 OGBM 11 15 9 11 1 4 3 7 14 15 10 14 10 11 2 3 14 11 15 13 16 2 6 8 5 7
single4_20150824_OPBM_target3 OPBM 3 10 15 3 7 11 11 2 4 6 14 10 11 15 3 5 8 14 16 14 3 2 3 14 12 2 3
single4_20150824_OPGM_target7 OPGM 7 14 11 9 6 3 15 14 16 6 7 3 2 12 9 5 2 14 15 14 15 10 12 9 15 3 7 6 7 2 11 14 6 8 6 2
single4_20150824_ORBM_target9 ORBM 9 3 14 15 10 6 16 13 15 10 11 9 3 14 7 2 10 16 13 16 13 2 12 6 3 15 10 12 9 4 2 7 2 14 6 4 14 8 1 15 10 7 5 10 2 16 12 9 4 15 14
single4_20150824_ORPM_target1 ORPM 1 11 1 15 13 6 1 3 10 12 14 11 1 7 15 10 14 16 3 10 12 9 13 15 5 8 1 9 13 1 4 6 7 5 5 3 2 3 10 13
single5_20150826_BGPM_target15 BGPM 15 11 1 12 15 10 11 12 9 15 3 6 1 4 8 14 15 6 8 2 1 15 10 12 9 15 13 15 13 15 6 8 2 3 12 15 10 15 7 14 6
single5_20150826_BOPM_target14 BOPM 14 7 5 14 16 10 16 14 2 4 1 11 12 9 5 15 13 14 16 14 15 3 2 6
single5_20150826_BRPM_target8 BRPM 8 12 9 15 13 16 10 3 6 7 5 1 3 14 3 7 6 8 15 2 4 11
single5_20150826_GBPM_target9 GBPM 9 8 5 3 1 7 15 13 2 11 10 16 13 11 10 15 10 12 9 3 1 7 1 3 1 8 6 16 10 11 10 9 1 4 2 7 3 14 16 12 9
single5_20150826_GOBM_target4 GOBM 4 16 3 1 12 10 11 10 15 6 2 14 4 16 13 6 7 5 2 15 11 10 14 6 8 5 8 3 14 9 7 2 12 9 14 8 6 2 16 14 4 11 10 6 8 5 7 1 16 13 10 11 10 14
single5_20150826_GOPM_target12 GOPM 12 4 14 6 7 5 1 11 15 8 3 12 10 9 14 16 12 6 8 2 4 12 10 12 6 8 3 1 14 3 12 10 15 13 7 6 3
single5_20150826_GPBM_target10 GPBM 10 15 14 11 7 5 1 14 9 12 7 6 15 13 10 15 4 7 10 2 5 7 10
single5_20150826_GRBM_target2 GRBM 2 10 15 13 16 10 4 14 2 6 8 5 8 13 15 11 9 12 2 3 7 6 2 12 15 10 11 3 14 8 6 2 15 10 16 13
single5_20150826_GRPM_target9 GRPM 9 7 1 3 13 5 10 11 15 14 6 11 9 15 12 2 7 3 13 14 16 9 11 10 12 9 11 8 6 7 5 14 2 3 9 12 9 11 15 5 8 4 4
single5_20150826_OBGM_target7 OBGM 7 4 1 6 7 13 15 11 9 11 3 1 6 3 11 14 2 3 7 7 6 7 6 11 8 5 7 7 15
single5_20150826_OBPM_target10 OBPM 10 4 2 11 10 12 15 11 10 14 16 10 5 1 7 5 5 2 11 10 4 1 3 14 10 11 2 6 8 3 10 13 16 10 8 5
single5_20150826_OGBM_target15 OGBM 15 9 11 15 2 4 7 5 7 14 15 15 14 14 3 1 7 2 4 11 15 14 10 2 11 15 6 7 6 9 15 13 16 10 12
single5_20150826_OPBM_target14 OPBM 14 13 16 3 6 7 11 14 15 2 3 7 14 16 12 10 12 10 12 14 10 11 14 5 8 5 8 14 6 7 2 3
single5_20150826_OPGM_target7 OPGM 7 11 9 3 2 15 13 15 14 10 14 6 7 5 11 10 14 12 15 10 12 3 16 14 6 7 5 7 2 13 11 9 7 5 3
single5_20150826_ORBM_target14 ORBM 14 16 14 11 9 3 2 14 10 5 2 1 12 10 15 14 16 13 8 3 13 15 6 7 5 10 2 16 1 14 9 3 14 6 7 10 12 9 15 13 8 6 14 2 13 11 15 5 7 3 14 13 9 10 10 11
single5_20150826_ORPM_target15 ORPM 15 8 16 13 15 3 1 11 14 6 7 10 12 4 7 15 10 3 6 8 14 15 13 15 9 11 10 13 2 4
single6_20150828_BGPM_target9 BGPM 9 15 2 11 15 10 14 3 6 5 7 2 6 8 13 15 10 12 15 11 3 2 4 14 15 9 9 16 9 12 6 7 5 8 14 4 13 15
single6_20150828_BOPM_target3 BOPM 3 5 8 16 3 1 1 3 14 2 3 16 13 16 13 9
single6_20150828_BRPM_target7 BRPM 7 13 3 6 7 1 8 5 15 14 3 14 6 7 2 3 14 10 11 9
single6_20150828_GBPM_target15 GBPM 15 11 3 10 14 2 6 7 5 8 13 15 10 15 3 2 7 13 6 8 12 14 11 1 7 5 14 14
single6_20150828_GOBM_target4 GOBM 4 16 8 2 4 6 15 13 15 10 12 9 4 2 11 10 14 6 8 5 8 5 3 15 7 14 16 12 10 4 2 6 2 7 6 8 5 8 4 2 14 4 1 16 10 4
single6_20150828_GOPM_target3 GOPM 3 4 7 15 13 11 10 15 11 3 1 7 6 14 3 14 10 12 3 2 4 15
single6_20150828_GPBM_target14 GPBM 14 10 12 14 15 1 3 10 13 15 6 8 5 3 1 14 12
single6_20150828_GRBM_target11 GRBM 11 13 10 9 12 15 14 16 10 3 2 4 15 14 16 13 6 11 9 12 3 2 4 14 6 8 15 13
single6_20150828_GRPM_target14 GRPM 14 14 3 6 7 1 4 1 11 9 15 14 3 1 7 6 9 13 16 13 2 5 8 11 5 3 9 14
single6_20150828_OBGM_target5 OBGM 5 5 8 2 3 7 12 16 10 11 14 3 5 8 11 14 15 3 5 8 13 9 11 10 14 12 15 1 4 5 7 4 7
single6_20150828_OBPM_target2 OBPM 2 12 10 7 3 2 14 15 11 10 3 2 3 6 8 5 7 1 3 14 15 13 13 10 6 2 13
single6_20150828_OGBM_target2 OGBM 2 5 8 2 12 13 13 12 9 15 13 3 6 2 14 12 15 13 4 10 11 6
single6_20150828_OPBM_target7 OPBM 7 3 14 15 14 1 3 6 8 10 11 16 6 7 3 2 5 7 10 11 14 15 7 10 14 11 13 3
single6_20150828_OPGM_target14 OPGM 14 3 7 2 14 10 15 14 11 9 6 2 7 14 10 12 16 14 3 14 12 3 14 10 15 14 6 3 11
single6_20150828_ORBM_target5 ORBM 5 2 6 4 15 14 5 8 4 1 11 14 2 11 9 16 5 7 5 13 8 5 12 9 14 1 14 5 16 3 11 5 8 5 9 12 10 15 10 5 5 15 10 3
single6_20150828_ORPM_target14 ORPM 14 15 13 10 12 4 14 3 2 8 5 8 6 14 15 13 10 15 3 2 7 4 1 4 14 16 6 11 9 15 14 6 8 2 14 4
single7_20150830_BGPM_target15 BGPM 15 2 4 15 9 11 6 8 15 11 4 14 15 10 11 15 4 15 6 8 1 15 9 11 15 14 10 12 2 4 15 7 5 14 15 13 3
single7_20150830_BOPM_target6 BOPM 6 16 6 2 9 15 14 15 13 9 14 3 9 6
single7_20150830_BRPM_target10 BRPM 10 13 2 4 6 8 5 14 2 3 10 11 15 5 7 11 10 16 9 2 4 14 7 2 7 6 8
single7_20150830_GBPM_target1 GBPM 1 4 1 7 14 1 4 11 15 10 14 3 11 1 7 5 14 16 9 12 9 14 5 3 2 7 6 1 15 10
single7_20150830_GOBM_target7 GOBM 7 4 2 6 7 3 15 13 6 8 5 7 11 10 2 7 6 14 2 7 6 8 5 14 10 11 1 11 10 15 10 6 7 4 14 3 1 7 6 7 6 8 12 9 14 16 11 3 2 16 4 5
single7_20150830_GOPM_target1 GOPM 1 7 3 11 9 15 4 2 14 11 9 15 13 16 3 2 7 6 8 4 1 12 4 14 6 3 2 8 5 7 3 1 15 11 10 1 1
single7_20150830_GPBM_target13 GPBM 13 3 7 5 14 16 11 10 12 14 11 13 10 15 13 6 11 13 4
single7_20150830_GRBM_target8 GRBM 8 5 8 7 2 7 15 13 16 14 11 15 13 6 10 12 9 9 14 6 2 4 1 13 16 10 12 9 8 14 16 10 15 14
single7_20150830_GRPM_target11 GRPM 11 16 13 3 10 11 6 7 2 4 14 8 12 9 15 3 14 10 11 15 1 14 15 13 10 11 5 8 5 8 2 11 6 8
single7_20150830_OBGM_target14 OBGM 14 6 14 16 14 10 12 4 5 8 14 1 6 14 5 8 3 11 15 5 7 2
single7_20150830_OBPM_target4 OBPM 4 14 9 2 3 2 3 6 8 5 8 15 13 16 2 4 14 4 1 4 6 7 5 8 2 4 10 11
single7_20150830_OGBM_target14 OGBM 14 11 6 2 3 14 15 14 12 9 14 16 14 5 7 2 13 6 8 5
single7_20150830_OPBM_target9 OPBM 9 9 12 4 8 6 14 15 2 4 7 3 6 10 11 16 9 14 9 13 15 2 4
single7_20150830_OPGM_target7 OPGM 7 3 14 11 6 7 2 14 16 10 3 7 6 7 2 14 4 14 10 15 6 3 12 9 11 10 4 7 6 1 14 2
single7_20150830_ORBM_target12 ORBM 12 14 4 2 7 5 7 11 9 15 13 16 10 6 4 14 7 6 8 4 1 15 9 12 9 5 4 16 12 9 6 4 14 7 6 4 11 9 12 10 6 2 8 15 10 12 14 6
single7_20150830_ORPM_target6 ORPM 6 16 13 4 2 4 7 6 15 14 10 12 9 4 6 8 6 15 10 13 2 4 6 1 11 6 7 6 15 14 4 6
single8_20150902_BGPM_target3 BGPM 3 4 13 16 6 7 1 3 1 4 6 8 15 13 10 11 9 3 2 6 7 3 14 2 4 15 6 4 13
single8_20150902_BOPM_target12 BOPM 12 8 6 4 2 14 16 14 11 10 12 16 14 7 5 3 14 12 2 4 13 12 14 6 8 5
single8_20150902_BRPM_target9 BRPM 9 13 10 11 6 7 3 2 2 3 15 15 14 12 14 6 5 8 4 10
single8_20150902_GBPM_target14 GBPM 14 4 1 6 13 16 11 12 14 6 8 3 14 10 12 1 3 15 9 14 10 7 5 15 3 12 13 6 11 14 2 4
single8_20150902_GOBM_target7 GOBM 7 10 2 7 5 7 13 3 15 6 2 11 10 16 13 15 7 5 7 16 3 1 12 15 13 16 11 9 6 15 4 2 12 10 11 15 6 3 1 4 15 7 15 13 15 3 12 9
single8_20150902_GOPM_target10 GOPM 10 14 11 10 16 7 6 2 14 11 10 15 6 8 3 12 7 16 14 10 11 1 6 6 10 12
single8_20150902_GPBM_target4 GPBM 4 13 16 3 1 7 5 14 15 11 9 12 15 7 5 1 3 11 14 15 4 6 13 10 14
single8_20150902_GRBM_target9 GRBM 9 11 9 15 9 14 16 9 16 13 2 6 8 10 15 6 4 2 7 15 11 9 8 14 15 3 10 12 13
single8_20150902_GRPM_target14 GRPM 14 3 12 7 15 14 16 10 11 14 15 6 8 5 8 2 3 1 7 13 10 12 14 2 4 16 6 3 1 6 8 5 12 5 7 2 4 14
single8_20150902_OBGM_target16 OBGM 16 14 3 1 7 11 15 15 13 5 10 3 7 6 16 13 2 3 8
single8_20150902_OBPM_target3 OBPM 3 3 15 14 10 2 6 8 8 3 1 3 13 11 5 4 15 10 5 7 3 14 2 3 3 11 9 12 3 5 7 5 7 3 13 2 3
single8_20150902_OGBM_target7 OGBM 7 3 14 9 15 14 5 8 6 4 13 2 4 11 6 7 5
single8_20150902_OPBM_target5 OPBM 5 13 4 7 5 1 4 12 9 16 15 5 8 11 13 15 3 14 13 16 10 12 5 8 5 13 2 3 9
single8_20150902_OPGM_target15 OPGM 15 11 6 3 13 10 12 15 11 14 7 3 15 9 12 1 6 13 15 11 9 4 7 6 2 14 13 12 10 12 15
single8_20150902_ORBM_target12 ORBM 12 12 9 3 15 10 11 9 5 7 1 13 4 2 12 5 7 15 10 12 10 14 15 5 11 9 12 10 3 1 4 15 10 11 16 6 11 9 2 5 14 4 12 10
single8_20150902_ORPM_target3 ORPM 3 2 6 11 9 14 16 4 2 4 5 7 5 12 4 1 4 14 10 15 6 3
single9_20150904_BGPM_target2 BGPM 2 11 3 14 6 15 10 12 15 13 16 13 15 2 4 7 2 4 14 16 3 13 10
single9_20150904_BOPM_target13 BOPM 13 13 16 11 9 4 2 7 6 14 16 1 13 15 13 4
single9_20150904_BRPM_target12 BRPM 12 13 3 1 11 9 12 14 15 9 12 6 7 1 3 7 3 2 3
single9_20150904_GBPM_target7 GBPM 7 1 4 12 15 14 9 11 7 5 14 6 3 1 7 11 15 13 5 10 12 3 7 5 4 2 5 1 8 2 11 7 3
single9_20150904_GOBM_target12 GOBM 12 14 16 13 12 14 15 14 9 2 4 5 8 5 2 6 7 3 1 15 11 10 12 16 13 12 10 4 2 12 6 7 6 1
single9_20150904_GOPM_target9 GOPM 9 6 8 4 1 12 15 14 6 9 11 2 3 7 5 14 15 13 15 9 8 12 16 1
single9_20150904_GPBM_target2 GPBM 2 3 1 12 5 4 14 15 11 9 6 3 11 10 3 2 14 15 10 13 6 7 1 3 14 3 2
single9_20150904_GRBM_target7 GRBM 7 11 15 9 4 5 8 14 16 11 10 15 14 3 2 7 6 9 15 13 10 14 9 6 7 15 13 4 7 14 16 13 2 5 7 6 8
single9_20150904_GRPM_target4 GRPM 4 11 3 6 7 14 15 15 10 12 9 4 1 6 7 6 10 14 15 13 4 1 7 12 15 11 4 9 12 13 16 2 4
single9_20150904_OBGM_target10 OBGM 10 12 15 4 2 7 11 9 13 16 5 4 11 10 13 15 14 8 6 1
single9_20150904_OBPM_target12 OBPM 12 2 4 6 7 12 14 15 10 12 6 7 13 12 10 3 1 4 7 5 7 15 13 12 14 11 10 3 15
single9_20150904_OGBM_target2 OGBM 2 6 7 5 3 15 13 11 10 15 14 2 6 4 15 1 3 2 11 9 12 6 7 5 13
single9_20150904_OPBM_target8 OPBM 8 16 4 6 8 2 3 11 13 8 10 15 8 4 6 12 5 8 15 13 15 1 4
single9_20150904_OPGM_target13 OPGM 13 2 3 12 14 10 15 11 13 16 6 7 4 14 8 2 11 13 9 13 15 6 14 4 12 13 16 12 1 12 10 4 2 5 7 6 13 8 11 13
single9_20150904_ORBM_target7 ORBM 7 12 10 11 14 6 7 6 3 1 2 15 6 11 9 15 10 12 10 4 13 15 10 11 10 7 5 5 7 13 15 10 12 3 6 7 6 8 6 16 14 4 2 6 7 5 16 10
single9_20150904_ORPM_target8 ORPM 8 3 12 14 15 10 11 6 2 4 11 7 5 6 4 8 5 8 13 7 5 4 2 8 11 15 13 10
