group10_20150909_M12_target3 GRPM 3 13 15 6 10 12 2 3 7 14 16 10 12 3 1 3 3 5 7 8 10 11 13 15 1 3 13 6 7 2 4 9 11 13 16 14 5 2 3 7 12 1 4 5 8 5 15 3 3
group10_20150909_M12_target3 GRBM 3 14 3 7 15 10 15 2 3 13 15 1 3 9 5 7 2 3 1 3 14 5 13 12 9 12 3 5 3 9 15 14 2 3 1 8 5 8 5 8 12 10 13 15 9 3 2 1 9 3
group10_20150909_M12_target3 BRPM 3 12 16 13 5 7 3 2 3 13 6 8 11 9 16 3 1 7 5 3 14 12 16 3
group10_20150909_M12_target3 GPBM 3 13 9 11 4 16 13 10 12 13 9 6 7 1 3 2 3 15 6 3 4 6 1 10 13 16 9 12 3 4 7 5
group10_20150909_M12_target3 BGPM 3 3 15 13 15 10 11 6 8 4 2 13 15 13 5 3 6 7 2 4 4 13 16 5 10 4 3 6 7 5 2 4 13 10 12 15 6 3 15 1
group10_20150909_M12_target3 ORBM 3 4 1 6 14 16 14 10 7 5 7 4 8 12 9 2 3 1 3 16 5 3 2 3 14 5 3 12 10 2 3 9 5 1 3 13 16 8 11 15 14 6 3 12 10 6 8 2 4 15 10 3 8 2
group10_20150909_M12_target3 OBGM 3 3 14 4 6 7 12 10 3 2 3 2 3 14 15 9 5 7 3 2 14 10 6 3 1 3 1 4 3 4 5 8 15 13 5 3 12 16 10 3 6 3
group10_20150909_M12_target3 OGBM 3 12 5 3 2 5 3 13 6 8 3 1 6 15 13 15 10 11 8 16 14 5 8 3 2 3 14 3 10 15 8 5 3 1 9 12 5 8 3 4 6 3
group10_20150909_M34_target14 OPBM 14 10 12 14 7 2 3 14 15 6 8 7 14 14 14 1 4 2 5 3 11 14 5 8 14 7 3 1 8 12 9 10 3
group10_20150909_M34_target14 BOPM 14 2 14 16 14 15 11 10 6 3 1 14 14 7 14 8 13 6 8 4 2 12 9 6 3 8 6 2 3 15 14 3 14
group10_20150909_M34_target14 GOBM 14 11 1 6 3 2 14 15 3 6 14 16 14 11 5 3 14 5 8 6 13 4 15 14 12 14 16 10 2 8 6 2 14 6 8 15 12 10 12 14 16 14 16 4 3
group10_20150909_M34_target14 ORPM 14 12 6 5 3 2 7 6 15 14 15 14 16 5 4 14 9 14 9 6 13 11 14 4 1 3 12 9 14 6 4 14 16 14 2 3 14 13 15 14 14 14 8 11 9 3 7 5
group10_20150909_M34_target14 GOPM 14 11 13 16 2 5 14 6 8 14 15 14 4 10 12 14 16 14 14 6 1 3 14 4 6 7 14 11 16 13 10 13 15 14 3 2 9 3
group10_20150909_M34_target14 GBPM 14 13 6 11 3 6 8 2 16 14 15 10 12 4 14 15 11 14 6 8 9 11 3 12 4 4 1 14 5 14 14 16 13 3 10 15 6 14 8 5 4 10 3
group10_20150909_M34_target14 OPGM 14 12 6 2 7 11 14 15 10 12 14 6 2 4 7 14 6 14 11 3 12 9 15 14 6 1 4 16 12 14 2 3 3 8 6 14 8 11 9 12 9 15 8 6
group10_20150909_M34_target14 OBPM 14 13 10 12 2 6 3 14 15 13 15 5 1 3 14 11 14 15 13 4 9 12 4 6 14 16 11 9 14 9 3 6 8 2 3
group10_20150910_F12_target10 ROGF 10 6 14 6 8 2 4 1 11 15 6 8 7 2 13 10 4 10 1 4 15 10 2 11 6 8 5 3 4 1 4 1 14 1 3 1 4 6 12
group10_20150910_F12_target10 GRBF 10 15 13 7 3 11 9 6 2 16 14 12 10 4 16 13 10 11 16 2 14 3 3 16 10 11 10 6 10 4 13 10 2 16 10 2 8 12
group10_20150910_F12_target10 OGPF 10 2 11 10 6 4 12 16 14 10 9 6 2 7 11 16 13 13 16 9 3 6 7 7 11 10 13 14 3 2 7 13 12
group10_20150910_F12_target10 RGPF 10 3 11 14 6 7 2 15 13 3 15 11 10 12 6 7 2 3 14 16 12 9 13 6 4 2 3 16 11 13 3 5 6 7 2 4 8 7 12 9 11 16 13 15 4 1 1 2 4 1
group10_20150910_F12_target10 RGBF 10 14 3 11 10 6 2 7 4 15 14 5 8 2 12 16 13 10 15 11 9 12 10 6 7 3 16 12 14 11 1 6 5 8 3 10 12 10 15 14 6 8 5 7 6 2 4 14 10 16 10 11 9 12 14 5 8 12
group10_20150910_F12_target10 RGOF 10 6 7 13 2 4 7 1 9 12 16 13 7 4 11 9 3 10 3 1 3 15 10 10 10 6 7 1 14 3 11 15 10 12 12
group10_20150910_F12_target10 ROBF 10 14 3 7 11 16 10 12 9 12 6 2 13 15 12 10 13 4 7 6 12 11 10 12 10 11 10 14 16 12 13 16 10 3 7 5 7 11 10 15 2 4 2 2
group10_20150910_F12_target10 ORBF 10 10 16 6 7 6 3 2 5 11 15 14 4 1 6 8 2 12 9 7 15 14 9 3 14 10 15 13 15 14 16 14 10 10 9 10 12 9 11 6 12 9 16 14 15 2 7 5 3 1 7 2 3 2 8 1 7 6 11 6 7 5 7
group10_20150910_F34_target12 RBGF 12 4 3 13 12 10 13 12 6 6 8 9 7 1 4 2 3 2 3 2 3 14 15 13 1 12 2 7 5 13 12 4 2 3 14 16 13 12
group10_20150910_F34_target12 RBPF 12 14 4 10 11 6 8 2 13 16 4 13 1 5 12 12 10 12 4 7 8 3 2 3 2 4 2 2 2 14 12 2 1 2 12 9 11 1 2 4 13 3 2 6 2
group10_20150910_F34_target12 ORGF 12 3 14 10 15 11 4 12 13 9 6 2 12 1 14 12 6 9 9 8 10 9 13 16 12 9 3 12 5 2 3 14 2 10 3 2 2 9 4 14 1 11 4 13 12 8 1 12
group10_20150910_F34_target12 RPBF 12 11 10 13 16 7 4 2 12 9 14 5 6 1 4 9 13 12 10 9 9 12 3 8 14 12 5 2 3 2 1 3 1 3 2 12 8 2 5 4 2 4 13 16 13 12 12
group10_20150910_F34_target12 ROPF 12 6 13 3 7 6 13 15 10 11 2 14 13 9 9 12 14 16 14 9 2 2 3 3 6 13 3 2 8 15 12 4 5 7 9 12 1
group10_20150910_F34_target12 RPOF 12 6 13 11 9 15 14 9 12 10 9 15 14 2 2 3 1 4 12 10 15 14 4 1 5 8 6 5 7 2
group10_20150910_F34_target12 RBOF 12 7 2 5 4 5 12 15 13 12 1 5 4 2 3 4 8 2 2 12 16 13 12 9 6 7 3 2 4 4 12 12
group10_20150910_F34_target12 RPGF 12 6 3 14 10 12 15 14 10 6 2 4 13 11 10 14 13 6 7 1 13 12 6 8 10 3 4 15 11 9 3 2 6 7 2 6 7 1 3 4 14 12 3 1 6 16 13 4 2 4 11 15 11
group11_20150911_M12_target2 GRPM 2 3 13 6 7 11 9 15 14 1 4 6 11 14 2 4 7 16 12 9 13 4 10 13 15 11 12 2 3 6 7 5 8 4 11
group11_20150911_M12_target2 GRBM 2 14 3 7 13 15 9 10 11 3 2 4 5 8 14 11 5 9 16 7 11 7 6 14 9 3
group11_20150911_M12_target2 BRPM 2 14 4 1 7 6 7 11 11 15 13 4 6 15 12 10 12 4 3 2 8 6 13 16 12
group11_20150911_M12_target2 GPBM 2 6 11 4 2 3 12 10 16 14 11 7 2 4 13 10 1 16 6 4 2 12 13 4 6 7 9 15
group11_20150911_M12_target2 BGPM 2 3 5 8 5 10 13 16 13 3 1 3 2 6 7 1 16 13 5 11 13 9 14 13 7 3 4 15 12 9 3 13
group11_20150911_M12_target2 ORBM 2 3 14 6 12 10 13 15 2 3 12 7 5 14 10 6 3 2 9 8 16 5 12 14 4 2 5 7 10 2 4 13 11 15 10 14 4 13 8 4 2 6 11 4 13
group11_20150911_M12_target2 OBGM 2 3 14 12 10 12 6 7 14 14 16 11 2 4 3 2 7 13 4 9 5 8 12 15 13
group11_20150911_M12_target2 OGBM 2 14 3 1 12 9 15 13 14 11 6 4 7 6 7 2 12 12 5 15 9 13 8 3 2 5 7 2 3
group11_20150911_M34_target5 OPBM 5 6 13 16 4 7 8 9 5 12 9 2 6 7 2 15 12 6 7 6 1 3 12 14 16 4 9 6
group11_20150911_M34_target5 BOPM 5 14 4 2 8 9 12 10 16 14 4 5 16 13 4 1 2 12 12 11 9 14 15 14 6 2 13 14 16 12 4 6
group11_20150911_M34_target5 GOBM 5 14 4 1 14 16 14 10 15 12 6 8 6 14 10 15 13 12 2 3 6 11 4 3 8 6 8 14 16 13 7 14 15 12 9 2 4 2 6 5 8 6 7 14
group11_20150911_M34_target5 ORPM 5 13 9 12 16 14 5 4 13 12 13 15 6 10 12 7 6 4 2 3 8 6 15 14 16 11 5 1 1 2 16 4 10 6 3 12 4 8 14 16
group11_20150911_M34_target5 GOPM 5 14 10 5 15 14 4 2 7 2 6 1 3 12 3 8 5 6 2 13 15 6 15 14 4 1
group11_20150911_M34_target5 GBPM 5 16 12 4 10 14 4 5 15 12 1 4 7 6 7 6 3 6 16 13 5 6 1 6 8 6 1 4 5 12 10 14 16 3 8 5 5 8 5 2 5 7
group11_20150911_M34_target5 OPGM 5 4 15 11 15 10 6 12 2 6 14 11 15 7 1 4 2 6 11 10 13 16 6 5 3 16 14 4 7 14 16 14 10 12 5 7 2
group11_20150911_M34_target5 OBPM 5 3 13 15 9 11 4 5 7 1 3 6 2 16 12 10 2 3 13 6 8 5 8 10 12 2 4 15 15 13 3 8 5 1
group11_20150913_F12_target12 ROGF 12 3 13 10 12 6 2 8 13 13 16 2 12 10 9 12 13 15 5 4 11 1 7 5 8 4 5 1 16 15 15 2 7 12 9 5 2 1 4 1 6 8 4 12 15 13 10 2 13 12 5 8 12 14 14
group11_20150913_F12_target12 GRBF 12 11 4 14 6 16 13 9 3 2 15 13 12 12 10 12 13 9 6 7 4 13 3 2 4 7 8 12 10 2 2 14 4 2 2 4 12 3 2 8 3 5 1 5 15 16 16 13 12 9 8 11 10 2 14 4
group11_20150913_F12_target12 OGPF 12 6 2 9 6 5 4 3 14 3 14 11 12 9 6 3 4 2 5 2 13 12
group11_20150913_F12_target12 RGPF 12 6 14 11 10 12 15 13 15 6 8 2 4 1 13 6 12 10 13 3 11 9 12 1 2 4 1 4 7 4 6 1 2 4 12 2 13 16 11 12 5 10 12 13 3 12 14 4 9 13
group11_20150913_F12_target12 RGBF 12 11 15 4 2 12 10 14 16 13 5 8 2 12 6 3 2 7 10 9 14 12 9 4 10 15 14 15 14 16 6 2 4 2 12 6 1 12 14 12 10 2 6 16 16 13 4 10
group11_20150913_F12_target12 RGOF 12 3 14 6 7 11 9 5 3 8 15 13 4 12 2 11 5 14 3 4 2 3 1 3 15 6 6 8 11 10 4 4 2 2 4 12 9 16 16 13 11 4 14 5 11
group11_20150913_F12_target12 ROBF 12 11 3 6 14 15 10 13 2 9 12 16 2 4 7 12 10 11 14 4 1 3 16 3 6 8 12 7 6 13 16 4 10 12 13 2 8 1 12 10 4 2 3 11
group11_20150913_F12_target12 ORBF 12 11 13 5 8 5 8 16 10 15 10 11 3 10 12 9 11 9 15 12 9 12 10 12 9 12 9 12 16 10 12 9 12 9 12 4 1 14 16 10 16 13 16 10 15 14 3 16 2 4 1 3 14 3 3 16 14 8 14 11 11 6 2 7 2 8 3 1 6 3 16 10 11 4 14 4 14 10 11 9 11 9 4 1 3 12 9 12 3 1 8 6 7 4 1 16 11 6 9 15 10 12 10 6 8 6 14 16 14 8
group11_20150913_F34_target4 RBGF 4 3 14 6 8 4 15 11 9 15 7 5 2 3 1 4 2 11 9 16 16 6 4 1 7 4 14 15 8 3 14 15 12 3 6 7 4 6 2 6 10 12 9 12 10 4 6 4 4 3 11 4 13 12 16 1 16 10 6 1 7 8 3 11 14
group11_20150913_F34_target4 RBPF 4 14 2 4 11 10 15 6 13 4 5 1 12 3 2 5 15 4 13 16 5 4 1 9 5 7 3 8 5 16 13 12 9 4 5 10 4 16 11 9 5 14 5 16 13 4
group11_20150913_F34_target4 ORGF 4 11 2 6 7 4 5 3 1 5 3 15 13 12 3 1 4 14 6 11 10 12 12 15 2 4 2 5 4 12 4 14 6 4 14 4 10 3 10 2 9 16 13 14 11 9 5 4 12 3 14 15 14 4 5
group11_20150913_F34_target4 RPBF 4 13 3 12 14 7 6 2 4 12 3 1 4 6 7 4 2 3 10 12 15 9 16 3 12 4 12 4 5 2 3 1 6 7 6 4 14 4 10 11 15 6 4 6 8 12 1 4 5 9 13 14 16 1 4 1 5 7 4
group11_20150913_F34_target4 ROPF 4 11 10 15 13 3 1 7 6 4 14 11 1 2 2 14 4 3 16 14 4 9 12 5 8 4 6 4 5 7 10 5
group11_20150913_F34_target4 RPOF 4 3 2 14 16 11 9 5 5 8 3 15 12 14 3 1 11 10 16 14 5 1 3 6 4 6 7 4 16 6 8 3 12 14 10 15 14 9 4 16 4 2 4
group11_20150913_F34_target4 RBOF 4 3 15 1 4 4 1 4 8 5 7 3 5 5
group11_20150913_F34_target4 RPGF 4 6 14 4 7 6 8 1 4 2 5 4 12 10 14 16 4 7 4 1 4 13 10 11 4 16 12 6 4 2 4 7 16 12 9 12 6 4 6 15 4 9 14 15 10 2 4 7 6 4 1 6 8 14 4 16 5 4 7 4 2 4
group1_20150901_M12_target9 GRPM 9 4 15 9 13 6 1 3 12 9 11 1 5 8 8 9 12 14 15 9 12 14 8 8 4 2 4 4 3 9 11 10 7 3 9 6 4 9 7 5 2
group1_20150901_M12_target9 GRBM 9 15 13 10 15 3 14 16 9 6 1 10 11 10 12 1 4 8 9 1 14 3 12 7 9 11 16 1 3 13 16 4 1 16 14 9 16 9 14 15 14 15
group1_20150901_M12_target9 BRPM 9 14 4 16 12 14 10 2 10 13 15 1 4 15 13 3 1 6 8 9 12 4 3 2 4 5 7 4 10 12 9 13 15 9
group1_20150901_M12_target9 GPBM 9 2 4 7 5 10 15 14 1 8 12 9 1 3 11 9 9 3 8 2 6 15 13 7 9 2 14 10 12 16 1 13 11 9 9 13 16 4 3
group1_20150901_M12_target9 BGPM 9 3 2 6 5 9 13 16 9 15 9 1 10 13 16 13 4 15 3 9 1 4 1 11 12 9 15 13 3 11 9 12 4 15 9 1 15 10 4
group1_20150901_M12_target9 ORBM 9 4 7 2 6 5 10 16 15 14 6 8 10 2 3 5 8 9 16 13 8 9 2 12 9 6 14 8 9 3 9 7 1 12 10 8 5 4 1 11 8 5 14 8 2 6
group1_20150901_M12_target9 OBGM 9 4 7 5 6 5 14 15 14 16 6 3 1 9 12 14 4 8 9 2 2 11 9 9 13 3 7 9 11 9 9 8 9 3 1 9 12 14 15 6 9 9 15
group1_20150901_M12_target9 OGBM 9 14 15 14 10 3 13 16 6 8 11 9 8 1 4 4 13 16 9 1 7 11 8 9 5 8 5 9 14 15 10 13 8 9 15 7 6 3
group1_20150901_M34_target4 GBPM 4 8 5 1 4 1 7 3 4 14 15 6 12 13 10 11 6 14 10 12 9 5 8 4 5 15 13 4 7 5 2 4 11 10 11 6 8 1 4 5 1 4 9 15 14 4 2 3 10 15 13 12 9 16 2 7 5 8 13 15 5 12 13 4
group1_20150901_M34_target4 BOPM 4 4 7 2 4 1 12 14 5 4 14 10 11 9 12 13 9 1 6 13 13 10 12 6 2 5 4 14 4 11 15 14 11 4 1 4 15 3 2 4 14 12 16 7 5 4 2 14 12 10 13 16 13 15 11 10 4 7 5 4 16 2 13 15 12 7
group1_20150901_M34_target4 GOBM 4 15 13 6 7 1 4 1 13 6 8 5 8 4 11 4 2 8 7 14 2 16 13 15 9 12 10 5 4 13 4 13 16 16 13 11 10 12 4 6 4 2 11 10 3 1 13 16 4 1 11 5 4 13 10 4 15 13 16 12 9 2 4 1 13 15 14 5 3 6 8 7
group1_20150901_M34_target4 ORPM 4 5 4 2 13 4 4 2 8 6 12 13 10 15 3 11 9 8 9 12 6 15 13 16 1 4 13 13 12 9 15 3 9 5 4 13 13 2 3 3 7 6 4 3 2 6 8 8 16 5 4 1 9 14 13 2 12 4
group1_20150901_M34_target4 GOPM 4 15 13 8 1 7 11 7 5 14 10 16 4 1 8 16 11 9 14 13 5 3 5 4 15 13 6 3 4 2 14 12 6 11 9 1 4 2 4 15 14 11 4 7 5 14 2 16 10 3 7 5 4 7 1 6 13 11 2 3
group1_20150901_M34_target4 OPBM 4 13 16 14 13 4 1 8 6 14 12 15 16 16 4 9 1 5 9 12 13 6 4 11 4 7 13 5 3 1 4 12 9 11 4 2 14 4 1 3 1 13 15 13 9 6 8 1 4 14 1 2 2
group1_20150901_M34_target4 OPGM 4 3 2 7 6 15 13 4 1 15 11 1 8 6 4 14 4 9 6 8 2 11 10 16 14 4 11 5 4 13 16 4 16 12 9 11 4 15 13 11 5 4 2 13 3 1 7 6 4 4 15 15 13 16 10 12 9 2 7 8 4 16 14 11 4 2 4
group1_20150901_M34_target4 OBPM 4 8 2 4 4 2 6 14 13 10 4 14 15 11 9 12 9 1 7 11 16 11 10 4 4 6 8 4 1 13 14 11 9 6 4 8 2 3 14 10 11 4 15 11 14 16 13 10 12 2 4 5 8 5 3 13 15 4 8 5 9 12
group1_20150902_F12_target8 ROGF 8 7 3 14 10 12 15 6 1 4 9 7 5 8 2 11 13 11 4 10 8 9 11 6 1 3 16 5 7 15 11 8 6 7 9 12 13 16 15 3 6 7 5 7 2 3 13 16 10 11 5 8 1 7 4 15 12 9 12 5 4 1 2 14
group1_20150902_F12_target8 GRBF 8 9 11 3 1 8 9 11 9 6 8 14 15 3 13 16 4 2 3 11 16 13 12 9 10 15 15 9 11 9 8 6 8 12 10 7 5 14 12 4 8 13 2 10 15 14 4 9 13 9 5
group1_20150902_F12_target8 OGPF 8 11 3 2 8 5 8 7 2 4 1 7 15 14 15 9 3 11 8 12 9 6 13 3 10 6 8 5 7 16 12 12 9 16 3 14 11 9 11 9
group1_20150902_F12_target8 RGPF 8 6 8 3 12 13 7 1 13 16 11 9 8 14 6 7 15 11 3 13 6 2 4 11 9 11 6 7 5 2 6 15 13 10 12 8 6 7 1 4 14 16 11 10 6 7 5 2 15 1 4 7 6 11 3 5
group1_20150902_F12_target8 RGBF 8 3 12 6 8 14 10 2 8 5 7 3 11 9 6 13 9 15 3 14 15 12 13 16 9 12 4 6 8 5 14 9 4 2 6 2 4 15 13 10 12 10 8 6 16 13 7 4
group1_20150902_F12_target8 RGOF 8 7 10 15 2 4 11 9 14 6 8 13 16 9 12 5 15 13 4 11 15 13 9 8 6 8 4 14 8 8 12 9 8 15 5 4 2 1 1 3 5
group1_20150902_F12_target8 ROBF 8 13 9 12 7 12 9 6 8 2 3 15 16 14 16 10 12 9 15 1 4 3 7 13 16 4 10 14 16 11 7 6 13 1 4
group1_20150902_F12_target8 ORBF 8 1 7 14 5 8 11 10 4 15 13 10 12 3 15 12 13 15 6 2 8 11 16 13 15 6 7 8 1 3 14 9 12 6 7 6 8 5 7 14 15 13 2 6 7 1 3 13 11 15 14 14 8 2 7 8 3 4 5
group1_20150902_F34_target2 ROPF 2 16 13 10 12 9 6 8 5 8 2 14 16 3 1 4 7 6 2 6 2 13 15 14 6 2 8 4 14 10 15 2 5 5 11 14 6 2 12 10 7 3 2 15 6 2 13 15 14 2 2 8 5 6 12 4 7
group1_20150902_F34_target2 RBPF 2 15 9 12 6 8 10 15 2 16 16 3 2 11 2 3 14 5 7 2 15 10 2 3 2 7 2 14 4 9 5 3 2 3 10 2 6 8 2 7 2 7 11 13 7 12 9 4 2 14 2 15 13 6 6
group1_20150902_F34_target2 ORGF 2 15 10 7 5 8 2 14 5 4 12 2 10 2 4 2 3 2 7 2 16 10 14 16 2 6 8 2 3 7 2 13 16 4 2 2 2 2 13 4 5 11 9 6 7 2 2 7 11 13 16 10 15 2 5 2 5 13 9 15 14 4 10
group1_20150902_F34_target2 RPBF 2 1 11 14 5 7 2 16 13 4 2 4 8 6 1 12 10 14 2 2 4 9 2 7 2 2 7 3 2 2 10 5 8 13 8 10 11 15 3 2 3 10 13 4
group1_20150902_F34_target2 RBGF 2 1 12 15 9 16 7 5 14 8 13 16 2 15 10 11 9 8 6 8 2 11 10 14 16 8 2 3 1 2 14 4 9 7 2 3 2 7 3 12 2 4 12 7 13 9 8 3 15 6 1 13 13 9 4 2 4
group1_20150902_F34_target2 RPOF 2 1 7 5 7 6 3 2 14 8 5 2 14 15 9 4 2 16 6 3 2 4 2 15 13 8 12 4 2 12 10 10
group1_20150902_F34_target2 RBOF 2 5 8 8 11 9 3 8 14 15 10 16 2 12 6 9 12 5 7 5 7 2 6 15 2 2 4 1 8 10 2 3 2 2 2 2 3 6 2 2 13 10 7 2 16 11 14 15 2 5 2 3 2 9 10 12 3 5 6
group1_20150902_F34_target2 RPGF 2 15 1 4 8 3 14 10 13 15 10 2 14 16 6 15 3 6 2 4 7 5 14 10 11 15 6 14 16 2 13 3 4 4 7 5 8 9 12 9 4 2 2 5 8 15 13 16 2 12 6 3 7 6 14 9 11 15 13 10 12 9 3 5 7 5 2 3
group12_20150911_M12_target15 GRPM 15 11 5 1 3 14 15 9 12 3 7 5 14 15 9 12 2 3 5 11 13 1 3 5 7 15 2 14 11 5 7 3 4 4 6 15 10 12 15 1 4 6 7 13 15
group12_20150911_M12_target15 GRBM 15 14 4 2 5 8 16 13 16 13 5 8 11 9 16 2 3 14 7 6 4 2 12 15 15 14 16 14 15 11 7 15
group12_20150911_M12_target15 BRPM 15 13 15 13 15 10 3 2 6 7 14 12 10 15 5 2 4 11 9 15 7 14 15 13
group12_20150911_M12_target15 GPBM 15 4 6 1 10 12 16 13 7 12 9 13 4 2 15 4 10 16 7 3 13 15 6 2 4 5 15
group12_20150911_M12_target15 BGPM 15 15 6 3 3 12 10 12 14 15 13 9 6 2 10 15 6 5 7 4 2 12 16 10 6 1 15 14 15 15 10 3 15
group12_20150911_M12_target15 ORBM 15 6 7 3 14 10 12 6 15 9 2 3 7 6 9 4 13 6 15 1 10 12 7 15 5 4 16 14 15 2 3 8 6 15 12 10 2 9 4 5 15
group12_20150911_M12_target15 OBGM 15 4 13 5 5 8 11 10 5 7 2 5 15 14 13 5 3 5 12 9 15 5 8 1 3 6 15 15 2 9 11 15 14
group12_20150911_M12_target15 OGBM 15 3 13 6 7 11 9 15 14 3 1 16 12 10 15 12 6 4 2 16 15 9 6 8 4 8 2 4 3 15 14 15 15 13
group12_20150911_M34_target1 GBPM 1 15 11 4 6 8 1 4 1 14 16 9 12 10 13 3 1 6 1 4 7 2 12 10 15 8 6 12 8 9 14 1 1 3 6 7 5 16 13 10 16 3 1 5
group12_20150911_M34_target1 BOPM 1 16 13 3 7 6 2 3 9 15 13 6 8 1 14 10 12 2 4 8 5 13 16 13 2 11 10 14 13 15 12 1 4 1 14 13 9 4
group12_20150911_M34_target1 GOBM 1 13 16 10 3 7 6 6 1 8 14 15 11 2 4 2 15 7 10 7 4 14 12 10 3 5 8 1 4 14 16 6 4 1 6 12 9 15 13 9 3 1 4 1 3 5
group12_20150911_M34_target1 ORPM 1 5 4 7 6 8 14 11 10 3 16 1 15 2 6 2 10 2 7 1 4 13 16 3 14 12 5 7 1 6 5 9 12 14 15 9 4 1 6
group12_20150911_M34_target1 GOPM 1 15 10 14 3 1 3 6 8 2 14 1 1 4 11 10 6 15 14 1 5 4 1 4 8 12 1 3 9 4
group12_20150911_M34_target1 OPBM 1 4 6 7 11 15 10 2 3 2 8 13 4 2 4 4 11 15 1 4 6 5 7 9 1 5 8 15 13 4 16 10 4
group12_20150911_M34_target1 OPGM 1 10 15 15 3 1 6 7 1 4 15 6 14 10 15 13 2 4 4 12 9 6 8 1 15 14 11 1 4 15 12 1 14 6 11 9 16 13 6
group12_20150911_M34_target1 OBPM 1 13 2 5 10 4 15 11 1 4 1 8 1 10 14 15 9 3 5 8 5 1 4 15 13 6 3
group12_20150913_F12_target5 ROGF 5 1 3 11 5 7 10 5 5 7 5 8 2 4 13 15 10 12 9 1 8 6 14 5 15 10 11 14 5 4 1 5 7 7 15 2 3 12 6 1 2 6 15 10
group12_20150913_F12_target5 GRBF 5 11 4 16 10 14 13 5 8 10 2 6 4 7 16 4 2 5 8 5 3 11 9 2 3 4 15 1 5 5 5 4 2 7 6
group12_20150913_F12_target5 OGPF 5 3 8 9 5 2 4 3 3 5 5 8 14 11 9 3 9 6 7
group12_20150913_F12_target5 RGPF 5 13 3 12 9 12 6 7 13 16 9 1 3 2 13 5 14 6 7 4 2 11 2 5 5 4 4 3 1 3 16 4 7 9 12 5 1 1 4 5 4 2 14 11 9 5 14 12 12
group12_20150913_F12_target5 RGBF 5 6 7 3 12 9 5 7 14 10 11 4 15 9 14 15 5 4 2 1 3 1 10 15 14 5 1 3 5 7 5 4 5 5 8 12 14 16 13
group12_20150913_F12_target5 RGOF 5 3 2 15 5 5 5 5 8 14 16 5 8 6 1 4 3 1 1 4 5 14 16 5 2 4 4 6 15
group12_20150913_F12_target5 ROBF 5 3 14 16 10 12 9 10 2 7 3 1 12 13 1 4 14 15 10 14 15 11 6 13 16 1 4 5 8 9 16 8 6 8 5 13 11 10 2 5
group12_20150913_F12_target5 ORBF 5 11 9 12 3 11 15 13 10 15 10 12 10 12 14 15 10 9 2 10 11 4 1 3 5 11 10 15 14 5 8 4 2 3 13 16 15 9 12 2 4 5 7 14 16 2 8 5 3 15 9 11 13 5 13 10 12 10 15 10 15 15 12
group12_20150913_F34_target13 RBGF 13 4 14 11 6 15 13 10 16 3 2 16 7 13 15 4 5 8 3 2 1 16 4 9 13 7 13 16 8 4 12 13 7 13 5
group12_20150913_F34_target13 RBPF 13 4 16 4 10 12 13 12 13 2 6 7 4 5 13 15 1 12 3 2 4 13 16 7 3 11 16 6
group12_20150913_F34_target13 ORGF 13 3 11 15 13 13 6 8 6 2 13 2 5 10 12 13 2 6 4 7 5 1 9 12 9 12 9 16 1 4 13 8 5 14 9 11 1 16 7 8 3 5
group12_20150913_F34_target13 RPBF 13 3 10 14 6 6 5 11 13 16 11 2 2 6 14 7 5 16 13 16 11 4 5 14 16 10 12 13 15 13 4 8 9 11 13 2 3
group12_20150913_F34_target13 ROPF 13 3 1 7 14 15 11 3 6 8 2 4 13 16 9 12 13 6 13 13 1 16 13 3 5 8 15
group12_20150913_F34_target13 RPOF 13 3 13 11 15 13 13 9 5 11 10 13 16 3 2 12 10 6 8 5 8 13 16 14 4 1 11 4
group12_20150913_F34_target13 RBOF 13 12 13 9 5 8 5 9 5 8 2
group12_20150913_F34_target13 RPGF 13 6 3 13 7 6 8 4 2 13 12 14 4 16 14 16 10 11 14 4 10 13 10 11 4 8 4 6 7 5 8 4 8 4 13 8 4
group2_20150901_M12_target7 GRPM 7 3 6 9 11 14 15 2 5 1 3 9 11 13 1 5 7 6 7 7 3 2 4 2 14 3 7 10 12 10 13 15 1 4 14 10 12
group2_20150901_M12_target7 GRBM 7 11 13 2 15 10 5 3 7 11 5 7 11 9 16 7 6 7 6 14 5 11 6 13 6 7 14 4 1 4 7
group2_20150901_M12_target7 BRPM 7 13 12 9 2 4 2 14 15 13 6 7 5 11 9 11 9 7 6 7 6 14 15 5 8 2 4 6 11 9 14 16 3 7 5 4 7
group2_20150901_M12_target7 GPBM 7 13 9 5 16 14 15 4 2 7 6 12 9 7 7 5 7 8 5 7 11 10 12 13 15 3 9 12 10 12
group2_20150901_M12_target7 BGPM 7 2 4 14 9 15 1 8 1 4 11 14 5 3 14 9 9 7 14 16 9 12 9 11 6 7 6 8 11 7 6 15 6 7 3 7 5 10 16 13 16 3
group2_20150901_M12_target7 ORBM 7 7 6 5 2 7 6 15 14 11 7 11 6 2 8 5 14 11 9 7 8 6 16 13 6 3 11 9 14 15 13 7 7 14 12 5 7 3 1 14 10 1 8 6 7 5 8 6 7 12 15 14 11 9 5 8 6 5
group2_20150901_M12_target7 OBGM 7 2 15 5 9 12 15 5 4 14 16 11 5 7 5 8 7 7 6 8 7 6 9 11 5 14 10 14 7 9 11 5 15 13 7 7 5 7
group2_20150901_M12_target7 OGBM 7 13 15 12 5 10 1 4 1 6 3 14 10 5 8 7 7 6 13 15 11 3 5 2 4 9 12 12 13 7 12 10 6 15 12 1 4
group2_20150901_M34_target5 GBPM 5 2 8 10 14 1 3 9 11 15 4 13 5 8 11 13 5 7 5 1 3 2 9 6 5 2 5 14 3 13 15 10 1 7 5 12 9 4 12
group2_20150901_M34_target5 BOPM 5 8 12 14 4 16 14 9 5 14 12 9 4 6 2 15 8 3 15 13 12 10 5 2 16 13 5 4 1 5 8 5 12 5 4 6 4
group2_20150901_M34_target5 GOBM 5 2 12 9 1 4 14 16 13 10 4 5 8 6 13 16 12 10 4 14 16 12 9 10 16 14 3 1 15 8 5 8 1 13 15 11 10 16 6 14 4 7 5 7 4 12 13 15 2 4 5 7 5 8 10 11 5 5 7 13
group2_20150901_M34_target5 ORPM 5 11 9 12 9 14 12 16 4 6 5 8 4 3 5 15 7 6 8 13 16 13 3 2 4 5 5 7 4 11 15 2 4 5 7 4 12 10 7 16 14 15 12 4 10 8
group2_20150901_M34_target5 GOPM 5 8 6 13 14 3 1 7 6 1 4 12 9 15 14 16 13 3 7 6 14 5 3 2 6 8 16 12 13 10 7
group2_20150901_M34_target5 OPBM 5 13 11 13 15 4 2 4 5 7 5 7 5 14 4 6 8 16 10 11 5 8 3 8 1 5 14 4 5 7 12 1 4 6 7 15 13
group2_20150901_M34_target5 OPGM 5 5 13 7 4 2 14 16 12 10 15 13 5 7 6 15 9 4 5 15 10 12 1 4 14 15 9 12 5 12 3 7 6 8 14 16 16 10 15 4 1 3 6 8 2 4
group2_20150901_M34_target5 OBPM 5 12 9 4 13 16 13 16 5 8 5 8 1 4 12 10 16 14 12 7 5 3 13 16 16 16 11 9 5 13 16 4 5 4 1 10 12 9 10 12
group2_20150902_F12_target16 ROGF 16 1 5 7 4 10 15 6 7 3 14 8 14 15 6 8 2 3 13 16 13 6 7 16 11 6 8 5 15 7 4 15 1 2 3 10 5 8 14 13 16 3 12 15 1 4 3 6 1 9 4 1 7 5 3 2 15 14 4 7 7
group2_20150902_F12_target16 GRBF 16 14 4 2 12 10 3 7 6 2 4 16 8 12 14 16 9 2 6 7 3 16 8 6 12 10 16 8 16 3 10 16 16 4 16 7 6 7 14 16 4 7 8 2 4 16 5 8 6 2 7 16 11 9 15 4 5 12 14 16
group2_20150902_F12_target16 OGPF 16 2 3 12 9 15 13 15 10 6 7 3 1 16 4 10 2 6 8 6 8 1 2 3 14 2 4 11 15 10 12 4 7 2 4 10 14 16 9 1 4 7 3 6 8 14 16 1 6 8 12 9 16 10 1 7 16 14 15 13 3 16 10 5 8 6
group2_20150902_F12_target16 RGPF 16 13 5 15 10 3 6 8 3 14 11 5 1 4 10 16 13 6 8 4 2 12 9 16 7 5 3 8 12 10 15 14 11 16 16 1 4 6 8 13 16 11 10 11 14 16 3 2 5 7 12 10 16 13 3 2 3 6 7 3 11 10 16 13 15 13 9
group2_20150902_F12_target16 RGBF 16 11 10 14 10 3 2 6 7 15 14 3 1 6 8 5 7 4 16 10 12 9 3 6 14 16 4 2 12 10 12 15 6 7 3 16 12 6 10 12 9 13 15 6 11 9 12 8 4 4 2 4 6 2 16 10 16 6 4 12 6 3 6 7
group2_20150902_F12_target16 RGOF 16 2 4 13 16 12 8 15 6 8 3 1 7 5 8 2 3 16 13 5 4 2 7 6 9 2 8 16 14 11 6 2 3 2 14 14 16 16 7 1 2 5 2 3 14 9 12 5 8 6
group2_20150902_F12_target16 ROBF 16 14 9 12 9 15 4 6 11 2 1 4 14 16 11 1 7 5 13 16 2 3 10 15 2 7 6 8 5 11 10 3 13 3 2 6 7 16 10 12 10 3 6 5
group2_20150902_F12_target16 ORBF 16 14 11 4 9 6 3 13 15 2 6 7 14 12 4 16 6 7 3 1 11 10 14 8 14 16 10 15 10 10 4 1 4 7 5 7 16 13 11 3 2 2 7 16 10 16 14 4 6 8 16 13 11 3 8 2 4 16 7 4 16 13 12 14 16 6
group2_20150902_F34_target1 RBGF 1 13 2 7 5 6 15 8 2 1 11 1 3 14 2 6 7 5 15 9 1 14 1 2 3 8 9 16 8 2 14 1 10 4 1 2 1 6 7 14 15 10 11 10 2 4 1 4 5
group2_20150902_F34_target1 RBPF 1 4 13 2 1 6 15 1 1 5 2 14 10 12 1 3 5 7 3 2 1 14 16 1 16 11 1 1 15 1 3 5 16 14 6 8 1 7 10 2 9 12 14 4
group2_20150902_F34_target1 ORGF 1 11 13 2 3 15 15 6 10 11 9 11 9 14 4 2 16 7 1 12 10 10 11 15 1 14 10 15 2 9 1 11 5 4 5 14 14 15 2 3 6 7 11 1 1 14
group2_20150902_F34_target1 RPBF 1 15 4 2 8 5 7 11 16 2 6 9 3 14 10 15 10 9 1 4 1 7 5 8 2 16 14 1 6 10 11 6 7 5 1 3 7 2 4 8 2 4 6 8 10 12 14
group2_20150902_F34_target1 ROPF 1 15 2 11 10 13 16 15 5 4 1 10 2 4 14 7 4 1 15 13 5 2 4 2 16 14 11 9 8 1 1 16 1 11 10 15 2 4 14 6 7 12 6 7 2 6 14 1 16
group2_20150902_F34_target1 RPOF 1 13 16 9 6 3 2 15 14 10 11 9 4 3 1 4 1 1 14 2 7 5 3 2 12 10 15 8 14
group2_20150902_F34_target1 RBOF 1 12 2 5 5 8 3 6 2 5 7 4 1 14 2 11 3 6 8 5 1 4 1 15 10 11 4 2 6 1 1 1 7 6 9 15 13 10 3 1 1 16 6 16 12 1 8 5 4 14
group2_20150902_F34_target1 RPGF 1 13 10 15 13 6 4 7 2 14 1 2 7 6 2 11 15 14 1 4 12 10 1 1 7 4 2 4 11 14 6 15 14 1 4 3 11 10 2 14 1 4 1 12 9 14 16 5 4 2 4
group3_20150903_M12_target13 GRPM 13 13 3 10 12 13 15 11 6 13 16 2 3 7 12 15 4 1 6 8 6 7 8 13 16 11 13 1 3 5 7 6 15 10 11 13 16 4
group3_20150903_M12_target13 GRBM 13 11 3 14 10 15 3 1 4 13 16 12 13 16 5 7 12 9 11 13 13 15 2 4 11 13 1 4 3 1 4 13 10 11 14 15 1 8 5
group3_20150903_M12_target13 BRPM 13 15 11 3 7 13 5 2 11 13 15 5 13 16 15 3 1 13 9 16 3 8 14 3
group3_20150903_M12_target13 GPBM 13 11 13 15 4 10 12 1 3 6 7 13 14 13 5 2 3 5 13 15 11 9 12 13 2 3 8 6 14 15 16 8
group3_20150903_M12_target13 BGPM 13 14 12 4 14 15 5 3 15 13 16 6 8 10 5 14 14 2 4 1 11 9 15 13 16 13 1 4 13
group3_20150903_M12_target13 ORBM 13 13 3 14 5 10 14 7 6 2 4 16 13 8 5 13 2 14 7 11 2 13 15 1 4 12 13 12 13 9 6 8 3
group3_20150903_M12_target13 OBGM 13 2 14 16 5 9 12 13 7 12 13 13 1 16 13 7 4 13 14 15 11 3 6 12 13 16 13 15 4 7 2 3 13 15 10
group3_20150903_M12_target13 OGBM 13 14 6 3 4 2 14 15 9 3 13 7 14 6 3 1 11 15 13 3 14 13 15 16
group3_20150903_M34_target15 GBPM 15 16 4 10 12 9 12 14 15 9 15 9 16 2 7 6 4 1 14 15 13 13 10 2 8 5 8 5 3 11 16 11 15 14 7 5 2 7 4 2 6 15 14 10
group3_20150903_M34_target15 BOPM 15 2 8 5 14 4 1 15 15 10 15 13 11 15 14 6 8 6 2 4 15 15 13 11 6 7 8 8 10 15 13 16 9 14 2 3 15 9 12 4
group3_20150903_M34_target15 GOBM 15 14 2 7 6 15 13 4 1 15 5 8 15 1 15 13 15 13 15 11 10 3 7 5 1 3 12 15 15 14 15 6 8 13 10 15 6 1 15 14 9 12 9 6 1 4 1 15 13 3
group3_20150903_M34_target15 ORPM 15 2 15 13 6 4 15 9 7 14 14 14 16 11 10 14 3 6 4 2 4 15 13 12 15 14 7 5 9 1 4 9 15 13 16 5 8 5 1 3 15 4
group3_20150903_M34_target15 GOPM 15 14 6 12 3 5 8 15 14 16 4 15 13 16 12 10 15 14 6 2 15 2 4 7 15 12 2 14 9 15 15 7 11 15 15 13
group3_20150903_M34_target15 OPBM 15 2 7 12 13 4 5 15 15 14 15 13 11 10 16 3 1 14 15 12 13 14 16 9 13 15 4 9 11 6 15 14 15 9 3 8
group3_20150903_M34_target15 OPGM 15 6 14 3 12 10 15 14 5 7 15 13 15 11 4 2 6 10 15 14 15 10 13 1 4 7 7 8 4 16 8 12 15 16 6 9 11 15 4 3 8 3 14
group3_20150903_M34_target15 OBPM 15 8 13 9 15 1 11 13 16 13 16 13 16 15 5 2 15 8 15 10 12 13 15 16 13 8 6 8 3 9 16 15 10 11 3 15 15
group3_20150904_F12_target1 ROGF 1 6 2 8 14 16 4 6 10 12 9 14 15 1 4 1 7 16 13 7 15 10 3 1 4 15 1 3 4 14
group3_20150904_F12_target1 GRBF 1 2 5 14 4 1 2 7 6 15 13 11 14 4 7 6 16 14 2 13 3 1 12 9 15 13 4 6 7 15 1 12 4 1 4 15 10 1 7 5 1 3
group3_20150904_F12_target1 OGPF 1 15 7 10 15 12 9 4 15 9 6 3 4 2 13 16 9 11 9 4 2 7 14 15 3 1 4 16 8 6 2 1 11 10 15 8 14 10 5
group3_20150904_F12_target1 RGPF 1 12 8 3 2 3 2 14 16 10 11 2 4 6 1 9 14 16 1 7 4 10 12 15 13 9 12 4 15 1 4 1 5
group3_20150904_F12_target1 RGBF 1 15 12 9 1 4 14 7 1 6 2 4 12 1 1 6 2 10 12 15 13 16 11 10 12 1 11 4 1 12 7 5 7 5 4
group3_20150904_F12_target1 RGOF 1 3 1 7 14 4 12 9 15 4 6 8 2 4 1 11 1 6 3 16 13 5 1 10 1 15 1 4 1 3 7 14 14 15
group3_20150904_F12_target1 ROBF 1 16 13 10 12 9 4 2 6 7 5 8 1 3 14 12 13 15 3 6 3 1 4 10 12 9 4 5 7 2 3 15 11 4 13 16 10 15 1 4
group3_20150904_F12_target1 ORBF 1 2 2 13 10 14 4 2 7 4 6 3 4 4 3 2 11 1 8 2 13 16 10 11 13 15 4 1 13 5 2 7 10 15 1 4 1 4
group3_20150904_F34_target13 ROPF 13 15 11 10 4 2 7 6 2 14 13 15 13 3 10 12 1 1 7 11 5 4 1 13 9 13 1 3 13 16 11 10 6 2 13 15 13 4
group3_20150904_F34_target13 RBPF 13 4 14 11 15 14 2 4 6 13 3 6 12 15 13 7 1 11 14 4 1 6 8 13 16 16 2 5 13 6 9 12 9
group3_20150904_F34_target13 ORGF 13 4 13 6 11 5 15 13 11 12 14 16 2 4 3 7 6 8 14 10 2 5 7 3 15 13 7 7 2 3 1 11 10 5 3 8 14 13
group3_20150904_F34_target13 RPBF 13 16 13 5 7 15 10 13 14 2 7 4 12 6 8 5 12 1 3 14 9 12 16 10 14 12 9 15 13 15 3 1 14
group3_20150904_F34_target13 RBGF 13 16 4 1 7 2 14 4 6 11 2 6 14 4 2 6 11 9 15 13 16 2 3 5 16 10 15 6 8 5 12 13 5 9 5 8 2 4 11 5 7 6 14 15 11 13 15 15 14 14
group3_20150904_F34_target13 RPOF 13 1 14 3 10 15 16 6 2 12 9 3 1 1
group3_20150904_F34_target13 RBOF 13 15 16 13 12 4 7 5 5 3 15 1 4 2 9 10 4 1 14 13 7 8 13 16 4 13 12 15 13
group3_20150904_F34_target13 RPGF 13 16 13 4 1 10 5 11 2 6 14 7 15 11 13 4 1 3 15 8 5 2 13 1 1 12 7
group4_20150903_M12_target15 GRPM 15 7 1 4 13 16 10 12 15 2 3 5 7 5 8 13 15 3 4 6 7 10 12 14 15 3 8 10 13 15
group4_20150903_M12_target15 GRBM 15 13 16 9 12 15 13 16 13 15 4 1 14 15 9 15 5 8 14 16 9 15 1 15 13 6 15 3 13
group4_20150903_M12_target15 BRPM 15 13 1 4 16 10 4 2 6 5 2 15 12 15 14 3 11 13
group4_20150903_M12_target15 GPBM 15 13 2 3 13 16 6 7 1 14 15 9 13 15 11 15 13 16 5 7 2 13 10 12 14 15 13 3 13 4
group4_20150903_M12_target15 BGPM 15 2 3 15 13 16 15 15 6 5 7 10 16 2 14 15 8 15 5 2 15 10 12 9 15 5 11 15 13 16 15 2 3 2 8 5
group4_20150903_M12_target15 ORBM 15 2 11 9 13 16 15 3 14 16 15 13 6 15 10 12 15 13 15 7 5 2 13 3 4 15 2 11 9 13 15 14 15 13 15 11 15 15
group4_20150903_M12_target15 OBGM 15 8 13 16 15 14 15 9 5 13 15 1 12 15 11 15 13 9 3 7 5 14 13 14 15 11
group4_20150903_M12_target15 OGBM 15 13 6 16 15 11 15 15 12 9 14 15 14 15 2 7 5 5 3 16 11 7 2 3 13 7 3 2 4 13 15
group4_20150903_M34_target4 GBPM 4 2 4 1 4 7 11 15 14 3 3 16 10 13 11 9 15 10 4 1 7 5 5 3 6 3 14 11 10 3 6 1 4 8 5 13 15 9 12 16 11 15 9 13 7 3 16
group4_20150903_M34_target4 BOPM 4 15 13 4 2 3 6 4 14 15 12 13 2 4 4 1 4 5 8 13 5 4 4 2 14 15 16 10 12 4 7 5 4 1 14 11 9
group4_20150903_M34_target4 GOBM 4 11 6 14 10 11 9 15 3 6 7 15 13 16 13 4 13 2 4 1 11 15 14 10 12 9 5 4 14 5 4 4 7 6 1 4 15 11 2 12 10 12 3 10 13 10 15 6 1 4 14 3 3 11 9
group4_20150903_M34_target4 ORPM 4 1 5 4 12 3 5 10 14 15 4 15 12 4 7 5 6 8 15 14 9 11 3 8 14 15 9 13 16 4 6 4 2 3 13
group4_20150903_M34_target4 GOPM 4 14 4 12 10 2 8 5 14 15 3 4 11 15 4 6 4 13 5 7 1 4 2 15 11 10 4 4 6 4 8 14
group4_20150903_M34_target4 OPBM 4 15 5 4 2 8 5 2 4 13 16 10 4 5 4 5 1 4 16 11 4 2 7 5 15 10 12 4 4 1 6 7
group4_20150903_M34_target4 OPGM 4 13 16 14 4 2 7 5 4 1 7 2 4 3 14 13 15 9 6 7 4 2 5 4 10 12 14 4 6 8 4 11 3 4 2 15 12 10 6 8 16 4 2 4 6 7 1 15
group4_20150903_M34_target4 OBPM 4 2 4 8 5 8 13 15 5 1 3 15 12 9 13 4 5 4 5 3 2 8 5 5 4 1 13 15 10 11 9 7 14 15 13 5 8
group4_20150904_F12_target14 ROGF 14 3 1 4 2 14 10 12 14 8 7 5 1 14 16 8 5 8 15 12 6 5 1 4 1 5 6 5 1 2 12 14 1
group4_20150904_F12_target14 GRBF 14 10 3 1 15 12 10 4 12 3 7 14 16 14 6 15 11 1 6 14 7 4 14 1 14 14 3 6 16 11 1 15 14 16
group4_20150904_F12_target14 OGPF 14 15 11 6 3 1 7 4 14 15 16 10 1 9 12 14 3 8 14 16 16 14 12 9 12
group4_20150904_F12_target14 RGPF 14 13 4 10 11 14 16 5 7 1 6 14 14 15 11 10 14 14 13 16 3 1 5 5 14 14 14 11 14 1 4 6
group4_20150904_F12_target14 RGBF 14 15 10 12 4 2 6 1 3 7 16 13 14 9 15 9 12 9 5 14 15 14 6 4 5 8 1 14 14 6 4 16 14 11 14 14 15 9 6
group4_20150904_F12_target14 RGOF 14 11 15 4 1 5 14 16 14 3 1 8 5 9 11 14 5 14 14 2 5 7 5 14 16 14 16 14 4 3 14 5 11 14 5 14 16 7 4 9 14
group4_20150904_F12_target14 ROBF 14 13 12 5 2 4 15 6 7 16 13 15 10 11 10 15 3 1 4 8 2 14 16 14 4 7 5 8 12 10 14 14 16 2 3 14 16 8 14 3 1 2 4
group4_20150904_F12_target14 ORBF 14 3 1 7 6 12 10 15 14 8 2 11 14 16 11 15 14 14 10 9 12 3 5 8 14 12 16 1 7 6 14 13 1
group4_20150904_F34_target10 ROPF 10 14 10 3 2 6 8 13 11 10 12 10 16 13 5 8 1 4 12 10 14 10 2 10 13 15 10 14 10 3 2 4 1 10 6
group4_20150904_F34_target10 RBPF 10 3 1 6 8 13 16 11 10 13 2 5 8 11 10 12 10 1 4 14 11 10 10 15 6 8 4 16 10 4 1 7 5 16
group4_20150904_F34_target10 ORGF 10 4 13 12 14 10 11 9 2 15 12 10 11 14 3 5 7 8 1 10 16 6 8 3 2 15 14
group4_20150904_F34_target10 RPBF 10 9 12 10 12 3 10 2 6 7 6 11 14 5 8 8 15 10 12 10 1 3 13 15 1 16 9 11 10 13 16 6 10 12 10 4 10 13
group4_20150904_F34_target10 RBGF 10 4 11 7 8 14 15 10 12 9 11 13 16 13 3 10 12 13 16 4 2 6 7 15 4 16 13 16 11 10 9 12 7 6 4 6 16 13 10 11 10 5 2 4 7 10
group4_20150904_F34_target10 RPOF 10 4 2 7 6 8 6 13 16 11 10 5 5 10 8 5 13 10 16
group4_20150904_F34_target10 RBOF 10 14 7 5 13 16 11 10 12 6 1 3 9 13 2 3 5 7 5 10 11 8 1 3 8 11 16 10 13 10 16
group4_20150904_F34_target10 RPGF 10 4 15 10 11 10 6 2 4 8 12 10 13 10 16 13 4 15 13 6 7 1 13 10 12 10 6
group5_20150905_M12_target10 GRPM 10 11 3 9 9 12 14 15 2 4 6 7 10 13 3 16 9 11 5 10 12 9 14 10 2 7 13 16 11 9 3 6 7 2 4 5 13 4 3 10
group5_20150905_M12_target10 GRBM 10 2 13 11 9 15 13 15 10 12 16 5 7 5 8 9 12 13 10 4 1 7 2 16 16 13 5 8 13 10
group5_20150905_M12_target10 BRPM 10 12 13 3 14 15 10 11 11 13 9 9 13 6 2 4 12 4 1 4 7 5 10 13
group5_20150905_M12_target10 GPBM 10 2 13 11 11 10 4 1 7 5 14 10 12 4 2 5 10 9 13 15 3 11 5 8 2 4 11 4 15 10 12 3 2 4
group5_20150905_M12_target10 BGPM 10 4 14 11 9 12 15 3 6 2 8 14 3 12 14 16 10 11 6 13 16 2 4 5 11 10 10 13
group5_20150905_M12_target10 ORBM 10 4 2 12 9 13 6 1 8 7 5 7 3 2 16 4 7 10 9 11 10 4 10 6 7 2 15 13 16 10 3 9 12 10 5 2 4 1 14 10 11 4 3 5 7 6 4
group5_20150905_M12_target10 OBGM 10 3 14 13 6 14 15 13 10 9 11 3 8 14 16 10 12 13 5 7 10 3 14 1 5 8 5 2 4 14
group5_20150905_M12_target10 OGBM 10 15 12 3 1 13 4 4 14 11 4 10 13 10 4 3 2 3 14 16 5 12 9 13 4 4
group5_20150905_M34_target3 GBPM 3 12 9 14 4 15 11 5 1 7 3 2 6 13 10 15 14 11 10 9 12 9 11 3 10 3 2 7 5 8 15 11 7 3 11 3
group5_20150905_M34_target3 BOPM 3 8 4 1 4 13 4 3 12 14 15 6 3 14 9 11 2 4 1 14 15 13 14 10 12 10 13
group5_20150905_M34_target3 GOBM 3 14 7 3 15 11 15 12 14 5 2 10 3 15 3 1 6 11 15 12 9 12 9 3 2 3 1 6 3 1 14 16 11 9 14 12 5 3 2 11 9 3 2 4 8 14 2 15 10 6 2 3 7 14
group5_20150905_M34_target3 ORPM 3 11 10 12 6 4 12 13 5 7 3 15 13 16 13 6 9 4 13 13 3 3 2 8 11 10 2 4 5 3 2 7 15 11 10 5 15 15 15 15 11 9
group5_20150905_M34_target3 GOPM 3 11 14 3 11 16 6 2 7 12 7 14 16 10 12 9 4 2 14 10 11 11 3 6 8 13 11 9 1 3 3 13 15 10 15 3
group5_20150905_M34_target3 OPBM 3 15 4 8 12 13 16 3 2 3 5 8 9 13 15 10 2 3 6 4 6 8 13 11 5 15 13
group5_20150905_M34_target3 OPGM 3 3 14 10 13 16 10 13 15 6 13 1 7 2 4 6 4 8 9 12 11 10 15 11 14 16 3 5 3 1 6 8 3 13 15 11 14 2 3 5 15 3 13
group5_20150905_M34_target3 OBPM 3 13 5 2 4 11 13 15 4 1 5 3 1 7 6 3 2 14 10 11 13 15 8 14 12 11 3
group5_20150906_F12_target13 ROGF 13 14 6 8 2 11 14 15 10 12 9 3 1 14 3 7 5 8 1 4 10 12 9 6 8 2 15 10 3 4 1 11 7 6 4 1 7 5 2 6 4 4 14 7 3 12 6 7
group5_20150906_F12_target13 GRBF 13 9 12 9 16 14 10 3 2 8 6 15 10 2 14 11 9 12 10 4 2 7 4 1 13 11 6 8 5 16 13 12 10 6 15 13 2 4 11 9 3 14 15 11 2 5 8 13 6 13
group5_20150906_F12_target13 OGPF 13 15 12 10 3 14 16 6 8 5 11 10 2 14 16 7 13 9 15 14 4 2 3 7 12 15 13
group5_20150906_F12_target13 RGPF 13 12 9 12 10 13 15 11 5 7 3 16 13 6 2 4 12 10 11 8 4 2 13 11 6 1 7 3 13 6 3 11 9 15 14 2 4 8 6 2 11 10 6 15 11 13 4 2 3 5 7 6 3
group5_20150906_F12_target13 RGBF 13 12 9 15 13 3 10 11 5 14 2 4 7 6 14 11 9 15 13 5 2 8 6 7 4 12 10 15 6 4 10 1 14 16 13 4 11 9 6 5 8 5 13 3 1 6 12 9 12 7 5 14
group5_20150906_F12_target13 RGOF 13 4 1 4 14 16 13 9 11 4 14 13 4 2 7 13 16 12 3 6 4 11 13 15 5 2 5 7 10 12 4 13 11 13 14 3
group5_20150906_F12_target13 ROBF 13 10 14 16 13 15 3 7 14 16 12 10 11 2 14 13 10 15 6 8 13 15 11 4 2 15 3 3 13 16 10 11 1 4 5 7 5 8 3 14 8 13
group5_20150906_F12_target13 ORBF 13 4 1 3 13 16 10 14 6 12 6 7 4 5 3 8 2 1 4 15 13 11 10 13 4 11 16 6 2 4 13 16 5 7 11 3 7 12 13 15
group5_20150906_F34_target13 RBGF 13 2 6 4 13 10 12 16 8 2 16 15 13 13 9 6 8 4 13 16 13 6 7 8 11 10 16 13 7 12 13 4 2 7 9 13 15 13 16 4 15 13
group5_20150906_F34_target13 RBPF 13 13 16 9 12 4 10 14 6 8 5 13 4 14 16 13 7 13 15 2 6 13 10 11 15 3 2 15 13 14 6 8 13 11 16 11 10 13 4 14 2 4 9 14 5 7 11
group5_20150906_F34_target13 ORGF 13 11 1 6 14 3 12 16 13 10 13 4 13 15 13 5 8 13 1 13 10 13 11 9 5 15 12 14 13 5 2 16 7 3 2 5 4 12 9 6 4 3 8
group5_20150906_F34_target13 RPBF 13 2 4 1 6 11 14 4 15 8 5 3 2 4 1 15 10 12 4 14 10 16 14 4 5 7 2 4 4 14
group5_20150906_F34_target13 ROPF 13 4 7 6 15 13 10 12 2 4 8 5 13 16 16 9 11 3 13 1 9 15 13 1 15 3 2 1 7 6 12 13 16 4 5 5 8 13 16 11 6 14 10 4 1 7
group5_20150906_F34_target13 RPOF 13 15 13 9 5 7 4 10 12 1 4 7 11 10 16 13 16 12 9 4
group5_20150906_F34_target13 RBOF 13 9 13 5 7 14 5 12 16 3 13 10 7 4 13 1 5 12 13 16 13 12 15 13 10 4 5 4 14
group5_20150906_F34_target13 RPGF 13 12 9 15 3 7 5 13 16 6 14 11 9 3 2 6 12 10 15 4 2 7 6 6 12 13 13 16 12 13 15 9 11 15 4 9 11 13 4 5 7 13 15 14 10 12 4 2 4 2 6 2 4 8 12 4
group6_20150905_M12_target5 GRPM 5 11 5 7 13 15 3 5 8 1 4 5 3 10 12 14 15 1 3 10 5 11 13 16 2 4 5 11 3 5 7 4 9 5
group6_20150905_M12_target5 GRBM 5 14 15 10 15 13 10 11 6 7 12 10 15 13 4 5 6 13 5 9 4 5 7 16 13 16
group6_20150905_M12_target5 BRPM 5 15 13 5 4 2 3 6 3 5 8 10 5 3 11 16 13
group6_20150905_M12_target5 GPBM 5 4 15 14 10 16 11 10 5 3 5 14 1 4 5 7 6 16 11 13 5 2 4 13 10 5
group6_20150905_M12_target5 BGPM 5 11 10 15 4 1 4 5 7 14 15 5 10 12 16 5 5 10 11 4 6 14 16 3 5 7 6 12 15 3 5
group6_20150905_M12_target5 ORBM 5 1 14 5 3 5 11 10 12 7 5 16 6 9 4 2 3 1 5 13 15 10 5 3 2 7 5 4 2 10 5 4 1 5 10 4
group6_20150905_M12_target5 OBGM 5 5 11 15 10 3 13 16 2 4 5 7 3 14 10 9 4 14 11 15 10
group6_20150905_M12_target5 OGBM 5 14 11 6 4 2 5 6 4 4 2 10 12 5 4 2 14 16 13 15 5 5 8 6 12 5 15 11 3
group6_20150905_M34_target9 GBPM 9 4 2 14 7 13 15 11 9 16 9 3 9 12 9 1 6 5 7 3 4 14 9 8 2 3 1 5 11 9 12 15 9 8 6 2 6 14 9 3
group6_20150905_M34_target9 BOPM 9 13 4 15 13 11 10 7 16 13 9 5 2 3 12 7 5 8 3 1 14 13 16 9 4 8 5
group6_20150905_M34_target9 GOBM 9 6 8 5 4 15 10 12 9 12 3 11 9 15 13 2 7 3 11 9 8 13 9 6 1 2 7 5 8 14 9 3 10 16 13 14 13 16 2 7 5 3 1 14 9 12 14 16 13
group6_20150905_M34_target9 ORPM 9 6 3 14 8 11 9 4 5 8 13 3 9 5 8 9 11 9 14 3 1 8 6 3 13 9 16 9 10 12 5 5 14
group6_20150905_M34_target9 GOPM 9 5 14 10 12 15 12 9 3 13 15 10 4 2 5 8 5 7 9 12 4 1 5 8 2 9 12 14 16 9 4 5 8
group6_20150905_M34_target9 OPBM 9 13 15 14 9 3 8 8 8 9 9 9 12 16 14 2 4 6 8 9 11 13 9 11 15 3 6 9 9 1
group6_20150905_M34_target9 OPGM 9 4 2 5 7 14 10 12 14 15 9 9 3 8 9 12 10 15 13 16 4 1 6 9 15 10 7 5 11 13 15 14 3 2 6 7 9
group6_20150905_M34_target9 OBPM 9 4 10 15 13 15 3 5 9 10 2 4 5 12 12 9 6 3 14 10 7 5 3 15 4 11 10 9 12 16
group6_20150906_F12_target2 ROGF 2 8 14 3 11 6 4 1 7 13 16 9 15 2 7 3 2 14 16 10 2 7 16 4 2 12 6 2 2 10 14 2 7 4 1 2 1 1 6 1
group6_20150906_F12_target2 GRBF 2 3 12 9 6 10 12 14 10 15 13 6 16 2 16 13 6 2 3 2 11 2 7 5 6 15 4 2 14 5 2 16 10 2 4 1 15 14 4 1 4 15 10 2 7 6 8 5 1
group6_20150906_F12_target2 OGPF 2 13 5 15 4 7 12 9 16 1 14 3 6 2 12 15 4 2 4 10 14 2 6 3 2 15 4 2 7 6 8
group6_20150906_F12_target2 RGPF 2 13 4 12 10 6 15 11 10 11 4 4 2 7 6 13 15 11 10 10 14 3 2 4 7 6 11 10 15 2 16 12 9 14 3 13 16 11 9 2 4 1 6 8 2 4 1 13 11 9 11 10 12 15 14
group6_20150906_F12_target2 RGBF 2 6 2 4 7 6 5 11 10 15 11 2 2 7 14 15 10 12 9 4 1 6 8 2 4 2 14 3 11 9 15 13 2 6 4 2 16 13 5 2 2 3 1 12 10 2 4 2 6 4 1 14
group6_20150906_F12_target2 RGOF 2 14 4 14 6 10 12 15 1 3 2 2 7 7 2 4 2 13 9 14 5 3 2 9 11 4 4 2 8 2 13 16 15 11 13 2 5 7 4 2 14 2 3 1 6 14 2 4
group6_20150906_F12_target2 ROBF 2 14 3 4 12 10 15 2 7 5 8 13 2 6 12 10 15 2 3 13 2 6 1 5 8 10 11 14 15 2 3 2
group6_20150906_F12_target2 ORBF 2 4 13 15 11 10 4 10 12 6 7 2 3 5 16 14 10 4 2 15 11 12 10 12 11 10 14 7 2 4 11 9 14 12 6 7 2 7 11 13 16 3 2 2 3 13 1 11 9 14 2 5 9
group6_20150906_F34_target14 RBGF 14 6 3 1 8 14 15 11 7 16 13 14 14 15 9 13 15 4 14 4 12 1 13 15 6 8 2 4 14 10 15 13 15 9 12 14 14 4 1 8 6 2 13 5 4 4 3 7 14
group6_20150906_F34_target14 RBPF 14 13 2 4 6 8 15 14 12 14 16 14 14 14 8 15 13 4 1 14 10 14 11 9 3 2 4 13 13 5 7 16 10 9 13 4 2 7 6 12 10 15 14 14
group6_20150906_F34_target14 ORGF 14 13 3 13 15 15 14 9 12 14 14 16 14 15 14 5 7 2 9 6 14 11 16 14 3 1 15 13 6 14 5 4 8 4 4 14 7 10 14 6 12 10 13 3 14 4 15 14 5 9
group6_20150906_F34_target14 RPBF 14 13 4 1 6 7 11 16 13 16 12 9 13 14 14 16 9 15 14 2 4 13 15 4 4 10 12 14 3 14 9 1 7 4 14 16 14 5 7 13
group6_20150906_F34_target14 ROPF 14 2 4 14 10 16 13 6 8 3 1 16 11 13 15 14 1 14 14 5 2 4 13 1 6 14 1 12 9 14 13 14 1 3 16 13 11 10 14 4
group6_20150906_F34_target14 RPOF 14 12 3 15 11 15 13 5 2 14 14 14 14 14 15 15 11 14 5 3 14 10 8 10 7 14 14 9 1 2 3 3 6 8 14 14 13
group6_20150906_F34_target14 RBOF 14 3 13 15 10 13 13 12 15 13 16 5 7 5 14 14 14 14 14 14 9 12 13 5 3 14 10 11 9 7 14 1 3 6 6 8 5 14
group6_20150906_F34_target14 RPGF 14 4 15 12 10 11 14 6 16 14 9 12 10 4 2 6 14 15 14 15 13 9 7 10 12 5 14 3 12 4 2 6 14 1 4 14 15 14 15 11 10 13 15 4 11 10 16 13 6 2 4 7 12 10 11 14 15 16 10 6 2 7 4 14 15 14
group7_20150907_M12_target7 GRPM 7 13 15 10 11 13 2 3 5 7 9 11 1 3 7 6 14 16 9 13 3 9 11 5 2 3 7 5 8 7 6 2 12 9 14 16 4 7 5 8 4 12 13 11 8 10
group7_20150907_M12_target7 GRBM 7 14 6 16 13 14 15 10 3 15 9 16 7 6 7 4 2 8 5 7 14 11 9 5 7 14 15 4 10 6 8 12 10 4 7 6 7
group7_20150907_M12_target7 BRPM 7 3 11 14 10 12 15 14 6 3 4 1 13 11 6 7 5 3 14 15 10 6 7 2 4 12 6 7 15 13
group7_20150907_M12_target7 GPBM 7 14 16 11 9 13 14 6 4 12 2 7 6 7 13 2 4 5 7 6 7 12 16 2 4 7 5
group7_20150907_M12_target7 BGPM 7 13 15 4 10 11 14 15 3 4 6 14 2 7 5 7 12 9 12 13 15 13 4 9 13 9 1 9 4 7 6 10 12 10 1 7 7 3 5 15 14 4 6 7
group7_20150907_M12_target7 ORBM 7 3 14 5 16 10 15 12 11 4 2 13 7 3 16 10 11 13 14 5 4 10 5 8 4 1 13 15 12 12 14 10 7 6 4 13 7 5 12 5 7 13 11 15 14 4 13
group7_20150907_M12_target7 OBGM 7 14 5 10 16 14 3 14 15 6 3 14 11 11 9 2 4 7 14 10 7 5 7 15 14 10 12 6 3 7 7
group7_20150907_M12_target7 OGBM 7 14 14 6 4 1 7 6 3 7 5 7 6 2 5 7 3 2 14 15 11 10 6 7 13 13 16 12 7 4 1 6
group7_20150907_M34_target1 GBPM 1 7 14 11 10 16 3 1 2 8 5 4 1 13 11 10 4 1 15 6 8 5 14 15 9 1 3 5 1 4 14 7 5 16 14 12 10 14 7 3 10 16 14 16 7 7 6 8
group7_20150907_M34_target1 BOPM 1 4 2 7 14 1 6 3 1 2 10 12 12 9 15 13 1 4 14 15 1 8 5 4 2 4 14 16 5 14 10 7 13 13
group7_20150907_M34_target1 GOBM 1 13 16 3 1 7 12 5 8 14 15 10 2 11 3 1 1 4 1 4 13 1 4 1 1 6 7 2 8 5 4 2 13 10 1 4 16 4 2 6 3 2 14 15 13 6 2 7 7 5 7 12
group7_20150907_M34_target1 ORPM 1 13 4 14 4 2 9 1 1 6 14 15 4 1 4 12 10 1 3 1 10 10 13 1 7 6 1 4 14 15 13 11 4 2 12 6 1 7
group7_20150907_M34_target1 GOPM 1 14 4 14 6 11 10 15 14 1 5 2 4 1 3 13 16 13 7 1 5 3 1 14 9 15 1 7 6 4 1 13 15 1 4 2 5 7 14 9
group7_20150907_M34_target1 OPBM 1 16 11 13 4 6 8 15 15 2 12 1 3 8 13 16 10 1 4 14 9 11 7 5 1 3 1 7 13 10 7
group7_20150907_M34_target1 OPGM 1 13 5 12 13 15 4 2 9 14 16 12 9 1 6 3 1 4 3 2 11 3 1 7 14 1 4 2 9 7 1 4 5 11 1 1 12 16 14 6 14 3 1 8 12 12 1 1 6 10 15 9 12
group7_20150907_M34_target1 OBPM 1 2 7 13 14 2 3 11 9 9 1 1 5 7 2 4 2 15 13 14 10 5 7 5 6 3 1 6 8 1 4 12 14 1 6 15 4 7
group7_20150908_F12_target15 ROGF 15 3 14 10 6 1 4 8 2 14 15 15 14 15 10 12 15 10 15 11 2 4 14 12 9 15 12 14 15 14 15 10 4 13 15 10 8 6 2 3 2 11 10 15 13 16
group7_20150908_F12_target15 GRBF 15 3 14 6 16 13 4 7 1 3 8 5 3 2 14 15 12 9 15 12 4 2 6 6 15 14 15 10 12 9 2 5 13 16 10 11 16 9 3 3 7 6 1 3
group7_20150908_F12_target15 OGPF 15 14 3 2 7 5 15 10 12 4 2 7 15 11 14 16 10 3 6 1 12 9 14 15 5 3 9 2 7 6 8 15 12 15 11 11 10 3 8 10 2 4 2 8 7 11 10
group7_20150908_F12_target15 RGPF 15 4 13 12 10 7 2 2 8 6 15 13 15 3 12 3 5 15 9 12 14 15 13 3 8 5 2 4 8 15 11 7 2 13 13 15 4 1 3 5 9 11 12 15 14 11 10 15 13
group7_20150908_F12_target15 RGBF 15 14 2 7 6 8 3 2 4 7 14 11 10 4 9 2 3 15 13 15 13 15 15 10 2 5 8 14 15 4 4 13 16 11 10 15 12 1 5 5 4 15 14 6 11 10 4 4 2
group7_20150908_F12_target15 RGOF 15 14 3 1 7 11 15 12 6 15 13 10 11 4 1 15 15 12 15 12 16 2 7 5 14 6 12 13 15 10 3 5 7 2 5 15 10 5 13 3 5 3
group7_20150908_F12_target15 ROBF 15 14 2 4 3 11 10 15 6 1 3 7 2 3 11 4 9 12 13 16 1 6 7 10 2 4 8 11 10 13 15 10 1 3 6 7 5 7 9 11
group7_20150908_F12_target15 ORBF 15 11 2 6 4 7 1 5 6 8 11 10 15 13 15 3 15 6 8 2 8 12 15 4 5 5 8 14 15 13 15 3 2 3 1 3 11 11 10 2 4 7 6 11 14 3 2 8 7 11 16
group7_20150908_F34_target5 ROPF 5 5 4 13 16 10 11 14 12 9 3 1 5 7 5 13 15 14 15 3 5 8 9 9 11 1 1 1 2 4 10 14 15 2 2
group7_20150908_F34_target5 RBPF 5 4 14 2 11 9 12 5 7 2 12 15 6 7 14 4 15 11 10 10 14 3 6 8 2 11 14 16 3 1 5 9 11 4
group7_20150908_F34_target5 ORGF 5 14 2 13 10 12 5 7 5 1 3 14 13 9 15 6 2 11 9 3 8 13 15 11 3 1 4 6 4 5 10 13 1 2 1 15 14
group7_20150908_F34_target5 RPBF 5 5 13 11 9 12 1 7 3 14 15 13 15 10 14 11 3 9 9 9 9 12 15 14 6 1 4 1 5 7 1 1 16 4 1 9 13 15
group7_20150908_F34_target5 RBGF 5 2 13 4 11 1 7 5 14 15 10 12 11 4 15 6 8 2 4 6 7 5 13 4 11 2 7 1 15 4 6 8 1 4 1 4 3
group7_20150908_F34_target5 RPOF 5 2 5 8 16 10 9 4 8 4 13 8 14 12 9 5 8 9 4 4 8 1 5 3 1 1 4 1 1 2
group7_20150908_F34_target5 RBOF 5 2 4 13 16 9 11 11 11 14 3 7 5 1 4 6 9 6 15 9 4 5 14 11 9 1 4 8 5 4 1 5 3 1 1 1 1 3 2
group7_20150908_F34_target5 RPGF 5 5 7 15 12 10 4 1 14 16 6 2 3 11 9 5 5 2 4 13 8 3 6 7 5 12 9 9 9 16 5 14 4 1 8 12 10 5 1 1 4 2 1
group8_20150907_M12_target10 GRPM 10 3 7 14 16 10 12 2 6 16 3 10 12 13 2 3 7 3 11 13 16 10 11 10 11 7 2 3 6 7 10 10 2 7 10 11 13 15 10 11 13
group8_20150907_M12_target10 GRBM 10 13 12 12 6 13 10 12 10 16 4 1 13 7 13 12 14 10 16 12 9 3 4 1 7 13 11 10 12 16 10 9 12 10 7 5 16 12 9 1 13 7 5 2 13
group8_20150907_M12_target10 BRPM 10 13 12 9 12 10 3 7 2 14 16 13 11 13 9 11 3 2 5 7 14 16 10
group8_20150907_M12_target10 GPBM 10 9 14 11 10 13 12 13 7 6 4 2 12 10 16 13 6 7 2 10 10 11 10 1 13 7 6 16
group8_20150907_M12_target10 BGPM 10 9 3 13 15 13 16 2 3 7 1 13 5 7 15 11 5 10 14 10 11 9 11 10 11 3 13 10 10 11 9 14 15 10 5 7 3 1 2
group8_20150907_M12_target10 ORBM 10 2 4 14 6 7 3 15 13 11 10 8 16 13 2 4 14 6 2 3 11 9 7 4 1 15 14 10 6 2 10 11 10 12 7 16 14 10 11 10 1 12 10 5 7 10 13 16 10 13 16
group8_20150907_M12_target10 OBGM 10 3 13 3 13 12 10 3 2 15 10 7 5 14 5 7 12 12 4 2 7 10 11 13 10 12 10 6 8 7 2 13
group8_20150907_M12_target10 OGBM 10 12 13 3 12 10 12 9 12 15 14 12 10 6 7 2 4 12 6 10 3 14 16 14 14 10 15 11 9 7 2 6 3
group8_20150907_M34_target11 OPBM 11 13 12 10 5 7 3 1 14 4 11 6 2 4 1 15 11 8 11 10 5 3 4 11 13 16 11 6 14
group8_20150907_M34_target11 BOPM 11 13 8 1 13 11 15 13 15 14 10 12 3 2 12 6 1 11 7 16 13 16 3 14 11 5 2 12
group8_20150907_M34_target11 GOBM 11 13 7 11 15 10 11 1 4 8 12 10 12 9 16 14 4 13 11 2 11 16 13 1 4 13 11 15 12 6 7 2 12 10 6 8 14 16 13 11 9 4 2
group8_20150907_M34_target11 ORPM 11 13 4 2 12 11 10 11 9 13 15 14 12 9 6 3 7 5 10 11 13 15 11 3 2 8 11 13 15 11
group8_20150907_M34_target11 GOPM 11 12 14 16 4 10 11 13 11 14 3 3 2 6 10 12 15 13 6 7 9 15 4 11 10 13 4 14 5 7 1
group8_20150907_M34_target11 GBPM 11 13 5 7 14 11 4 13 16 13 12 10 1 11 13 12 4 12 15 2 3 1 7 6 7 9 11 10 11 6 16 5 4 14 10 13 11 5 8 12 16 5 2 7
group8_20150907_M34_target11 OPGM 11 4 13 11 4 10 15 13 11 10 12 14 6 2 3 11 4 7 9 13 11 3 1 8 11 13 11 6 15 14 10 11 5 4 13
group8_20150907_M34_target11 OBPM 11 5 8 11 13 12 4 15 10 12 9 13 3 1 6 7 6 11 12 9 14 10 11 3 6 8 1 3 14 12 13 10 12
group8_20150908_F12_target13 ROGF 13 14 16 10 15 6 11 13 8 3 7 2 4 13 12 12 9 11 9 8 11 14 5 13 12 9 3 4 14 4 1 13 11 10
group8_20150908_F12_target13 GRBF 13 15 12 5 7 4 2 4 1 8 6 16 14 11 3 2 13 3 13 13 16 13 6 3 7 2 15 13 10 12 1 15 13 3 4 4
group8_20150908_F12_target13 OGPF 13 14 6 11 15 14 15 13 10 14 3 2 7 11 10 16 13 13 3 6 1 7 13 9 12 10 8 12 9 12 4 5 13 2 4 7
group8_20150908_F12_target13 RGPF 13 11 13 5 8 6 2 3 15 7 12 12 12 14 6 2 3 10 11 16 13 6 8 4 12 13 9 13 13 3
group8_20150908_F12_target13 RGBF 13 3 12 6 2 5 14 15 13 10 16 14 4 1 4 12 13 2 13 6 10 13 4 7 3 4 12 6 15 2 12 10 12
group8_20150908_F12_target13 RGOF 13 11 15 13 4 7 3 16 14 14 2 4 12 13 5 4 13 11 13 3 12 9
group8_20150908_F12_target13 ROBF 13 2 4 11 14 2 6 7 15 10 2 5 13 16 10 2 4 7 6 12 2 7 13 15 9 5 8 3 9 12 9 12 10 5 10 13 4 2 3 14 11
group8_20150908_F12_target13 ORBF 13 15 9 5 4 12 13 15 2 1 6 8 7 13 13 16 13 15 13 16 12 6 9 12 9 12 11 13 9 5 10 10 13 15 3 13 2 4 5
group8_20150908_F34_target3 ROPF 3 6 11 15 14 2 4 13 15 3 1 7 5 1 1 1 9 14 15 14 16 13 1 3 6 2 6 6 2 3 5 14 14 15 2 11 16
group8_20150908_F34_target3 RBPF 3 13 4 11 10 2 14 16 3 13 6 7 5 10 14 1 3 12 6 7 3 2 13 15 15 10 16 6 2 3 3 4 3 11 15 5 12
group8_20150908_F34_target3 ORGF 3 3 14 6 7 2 11 10 3 2 15 13 3 2 3 12 1 3 5 14 13 3 2 6 10 14 6 15 11 10 3 5 1 14 11 15 13 16 10 4 5
group8_20150908_F34_target3 RPBF 3 11 3 14 2 6 7 5 7 10 11 9 15 3 1 3 11 7 16 4 1 3 5 6 13 13 15 10 10 10 12 13 4 6 16 14 16 14
group8_20150908_F34_target3 RBGF 3 4 14 7 3 11 9 15 15 13 2 6 8 10 3 16 13 6 7 15 12 5 3 1 4 2 7 1 4 2 11 7 16 7 13 10 11 16 6 3 2 7 5 2 8 5 2 14 7 5 3 7 6 2 2 4 2 7 16 13 6 7 16
group8_20150908_F34_target3 RPOF 3 4 15 11 10 3 2 3 1 7 5 3 12 1 3 2 3 2 6 2 2 11 9 2 3 3 5 2 4 1
group8_20150908_F34_target3 RBOF 3 4 13 6 15 13 3 3 3 1 3 1 1 7 5 3 14 11 15 2 3 2 3 6 8 5 13 2 6 2 4 2 8 7 2 3 2 5 4 1
group8_20150908_F34_target3 RPGF 3 3 12 6 2 7 15 9 14 15 13 16 10 3 5 13 4 1 3 7 11 5 15 13 13 15 6 9 13 11 10 11 10 11 9 11 3 15 5 7 14 3 6
group9_20150909_M12_target16 GRPM 16 1 3 6 7 14 16 10 12 9 2 4 14 16 16 1 5 7 10 12 13 16 1 4 5 8 2 4 11 13 15 14 16 2 3 6 4 10 12 9 14 16 1 3 7 6 11 12 10 10
group9_20150909_M12_target16 GRBM 16 11 10 3 2 15 10 10 15 14 9 16 15 6 2 4 2 10 14 16 5 4 16 13 16 6 15 9 14 16
group9_20150909_M12_target16 BRPM 16 14 2 6 9 11 15 13 15 13 5 7 11 10 3 13 16 1 16 4 7 6 15
group9_20150909_M12_target16 GPBM 16 13 2 4 6 7 11 10 3 1 3 6 16 10 13 16 2 4 5 16 16 16 3 16 11 9 16 2 4 7 16
group9_20150909_M12_target16 BGPM 16 2 6 11 14 9 15 5 7 3 7 5 15 11 10 15 2 3 6 8 2 14 15 8 15 4 9 13 16 15 10 12
group9_20150909_M12_target16 ORBM 16 14 6 2 13 15 6 7 3 1 11 9 13 15 13 3 10 12 6 7 12 13 4 2 13 16 6 16 2 11 9 12 13 16 5 4 13 16 10 8 10 12
group9_20150909_M12_target16 OBGM 16 2 5 12 6 7 15 13 15 2 10 11 7 10 3 14 16 11 4 2 6 5 7 16
group9_20150909_M12_target16 OGBM 16 16 13 6 2 3 11 9 16 16 14 16 13 15 10 7 6 1 7 4 2 10 16 14 11 9 15 15 14 11 16 12 12 14
group9_20150909_M34_target6 OPBM 6 2 3 13 5 8 4 6 5 6 12 14 15 13 16 4 6 8 9 12 2 3 6 8 15 14 1 16 9 12 5
group9_20150909_M34_target6 BOPM 6 3 14 11 10 16 12 4 1 7 1 3 2 1 6 14 16 11 5 4 2 8 13 16 10 4 1 1 9 4 6 8 1 4 2 14 12 9 12 11
group9_20150909_M34_target6 GOBM 6 13 3 15 5 7 14 10 2 12 15 13 16 13 1 4 2 8 5 7 6 6 7 4 6 14 16 11 9 6 11 5 8 6 4 7 6 3 16 3 1 14 12 10 6 12 9 4 2 16 12 9 8 6 8 6 1 15 11 5 4 2 6 14
group9_20150909_M34_target6 ORPM 6 4 12 13 9 6 7 5 2 3 15 6 1 1 4 1 2 4 6 8 4 6 7 5 1 13 16 5 13 11 14 6 10 12 2 4 10 15 13 15 1 6 3 1 4 8 14 9 11 15 14 12
group9_20150909_M34_target6 GOPM 6 3 11 14 10 12 2 6 14 16 1 4 2 8 4 2 3 15 6 11 13 3 7 5 8 10 11 16 13 16 4 6 14 2 4
group9_20150909_M34_target6 GBPM 6 4 11 14 6 3 11 10 6 7 4 1 5 14 16 10 14 6 3 7 16 13 11 10 14 6 8 4 15 1 2 5 6 13 5 7 4 2 6 11 9 12 6 4
group9_20150909_M34_target6 OPGM 6 3 12 9 15 13 5 2 7 6 13 4 1 6 3 6 11 6 1 1 4 5 10 6 5 10 6 8 13 14 11 13 15 15 4 1 12 13 6 4 2 13 6 8 16 15 14 4 6 6 13 16 14 1 6 12 13
group9_20150909_M34_target6 OBPM 6 11 15 10 9 2 4 6 6 7 13 6 6 2 11 3 1 4 6 13 11 10 15 6 3 14 9 16 11 4 13 14 16 7 2 3 11
group9_20150910_F12_target2 ROGF 2 2 6 14 3 1 7 5 4 1 11 15 10 12 4 2 7 5 13 3 6 15 10 8 2 4 14 6 7 4 14 2 4 1 1 4 11 1 4
group9_20150910_F12_target2 GRBF 2 4 2 14 10 3 6 12 9 8 4 2 16 9 6 2 4 1 3 12 11 13 2 8 12 2 5 14 1 3 1 11 4 1 2 16 10 10
group9_20150910_F12_target2 OGPF 2 13 16 2 7 4 2 6 8 15 14 8 5 10 12 15 9 3 2 7 4 14 13 10 16 13 6 11 9 15 3 14 15 14 10 4 2 5 7 3 6 12 2 4 12
group9_20150910_F12_target2 RGPF 2 1 3 7 6 13 11 3 2 4 10 12 11 11 14 16 7 2 4 6 8 4 14 16 13 10 11 2 4 14 15 13 6 7 5 3 2 3 11 14 11 15 16 13 6 7
group9_20150910_F12_target2 RGBF 2 11 2 4 12 15 13 10 5 7 2 4 10 14 16 11 4 7 6 11 10 6 2 8 3 14 14 11 10 16 12 9 14 5 6 8 6 3 2 5 14 10 15 6
group9_20150910_F12_target2 RGOF 2 14 15 9 6 3 11 9 12 2 7 15 14 15 3 1 16 14 15 10 3 11 13 5 14 2 16 2 14 15 12 15 7
group9_20150910_F12_target2 ROBF 2 2 3 7 11 14 15 10 14 15 9 11 10 14 12 14 2 4 6 7 9 12 3 8 2 15 4 2 9 1 4 6 3 11 14 11 15 2 6 7
group9_20150910_F12_target2 ORBF 2 16 4 11 6 7 5 8 4 1 7 8 5 7 14 12 10 14 16 12 13 15 14 6 7 6 9 11 15 15 10 10 12 3 1 4 14 16 13 6 8 2 10 11 9 12 12 16 1 7 8 3 4 7 14 6
group9_20150910_F34_target13 RBGF 13 11 14 15 13 4 12 10 6 8 11 9 13 13 3 2 1 7 5 13 4 3 4 11 16 15 13 14 10 11 4 2 3 13 13 4 1
group9_20150910_F34_target13 RBPF 13 14 16 3 16 13 6 9 12 2 4 14 15 2 8 5 7 8 6 2 3 14 2 3 10 4 1 12 16 5 12 14 10 4 13 16 13 3 14 9 5 12 16
group9_20150910_F34_target13 ORGF 13 14 3 15 5 8 13 1 3 10 11 13 15 13 6 6 14 3 2 10 12 13 12 10 6 14 16 3 11 1 2 3 2 7 5 13 14 4 10
group9_20150910_F34_target13 RPBF 13 1 3 6 7 12 15 13 11 9 13 14 9 6 3 8 2 6 16 12 13 16 10 10 12 15 13 6 4 7 4 14 16 3 2 5 2 3 10 11 13 6
group9_20150910_F34_target13 ROPF 13 11 10 14 16 13 10 8 9 9 13 2 2 3 2 2 2 2 2 3 9 12 15 13 6 4 1 8 8 7 7 5 14 2 14 9 11 15 13 6
group9_20150910_F34_target13 RPOF 13 14 9 5 8 10 15 13 8 8 16 6 2 3 1 3 14 16 12 9 3 13 16 13 4 7 2 16 13 16
group9_20150910_F34_target13 RBOF 13 2 9 6 3 1 12 10 7 15 13 11 13 3 2 6 2 11 9 10 14 7 8 14 13 4 16 5 7
group9_20150910_F34_target13 RPGF 13 14 10 11 6 4 2 14 15 11 10 1 4 7 6 3 14 5 7 3 6 3 2 4 3 13 10 7 6 10 5 3 5 10 12 14 13 6 16 13 6 7 4 1
